Log of time -p ./multiple.py 
Sun Nov  4 03:12:46 2012

1 [1, 2, 3, 4, 5, 6, 7, 8]
2 [1, 2, 3, 4, 5, 6, 7, 8]
3 [1, 2, 3, 4, 5, 6, 7, 8]
4 [1, 2, 3, 4, 5, 6, 7, 8]
5 [1, 2, 3, 4, 5, 6, 7, 8]
6 [1, 2, 3, 4, 5, 6, 7, 8]
7 [1, 2, 3, 4, 5, 6, 7, 8]
8 [1, 2, 3, 4, 5, 6, 7, 8]

rvms total avg pwnd vwnd totalvms
migrate 1 1 0 1 64 0
controller 64 1090238 1090238 1 1 1
migrate 2 2 0 2 63 0
migrate 2 2 1 1 62 0
controller 64 17927126 4481781 2 2 4
migrate 3 3 0 3 61 0
migrate 3 3 1 2 60 0
migrate 3 3 2 1 59 0
controller 62 41195147 4577238 3 3 9
migrate 4 4 0 4 58 0
migrate 4 4 1 3 57 0
migrate 4 4 2 2 56 0
migrate 4 4 3 1 55 0
controller 64 51532112 3220757 4 4 16
finish 54.6373701096 55.8098468781
controller 64 56894136 4741178 4 3 12
migrate 5 4 0 5 54 0
migrate 5 4 1 4 53 0
migrate 5 4 2 3 52 0
migrate 5 4 3 2 51 0
migrate 5 4 4 1 50 0
finish 55.1395199299 68.0563108921
migrate 5 4 0 6 49 0
controller 63 65201021 3260051 5 4 20
controller 62 56928056 3795203 5 3 15
controller 62 62284102 2595170 6 4 24
controller 62 62773084 3487393 6 3 18
finish 89.6844341755 113.841027975
controller 61 70841084 2530038 7 4 28
controller 61 71541060 3406717 7 3 21
finish 110.018543959 134.217667818
finish 111.711240053 135.888819933
migrate 8 4 1 5 48 0
migrate 8 4 2 4 47 0
migrate 8 4 3 3 46 0
migrate 8 4 4 2 45 0
migrate 8 4 5 1 44 0
migrate 8 4 6 1 43 0
migrate 8 4 7 1 42 0
migrate 8 4 0 7 41 0
finish 125.397558212 138.340265989
migrate 8 4 1 6 40 0
migrate 8 4 2 5 39 0
migrate 8 4 3 4 38 0
migrate 8 4 4 3 37 0
migrate 8 4 5 2 36 0
migrate 8 4 6 2 35 0
migrate 8 4 7 2 34 0
controller 59 55552000 1736000 8 4 32
finish 89.7340888977 149.36191082
controller 58 66930000 2788750 8 3 24
migrate 8 4 0 8 33 1
controller 56 70212000 2194125 8 4 32
finish 133.223997116 168.778707981
controller 56 72215000 3008958 8 3 24
controller 55 64947000 2029593 8 4 32
finish 136.562814951 196.275942802
finish 163.920062065 199.549485922
finish 164.773475885 200.352528811
controller 54 68022000 2834250 8 3 24
migrate 8 4 1 7 32 1
finish 146.665179014 206.320264816
controller 51 64264000 2008250 8 4 32
finish 155.573514938 215.25805378
finish 185.145965099 220.749039888
migrate 8 3 2 6 31 1
migrate 8 3 3 5 30 1
controller 50 64136000 2672333 8 3 24
migrate 8 4 4 4 29 1
migrate 8 4 5 3 28 1
migrate 8 4 6 3 27 1
migrate 8 4 7 3 26 1
migrate 8 4 1 8 25 2
migrate 8 4 2 7 24 2
migrate 8 4 3 6 23 2
controller 50 65187000 2037093 8 4 32
controller 50 70410000 2933750 8 3 24
controller 49 71307000 2228343 8 4 32
finish 198.483422041 266.629182816
controller 49 72863000 3035958 8 3 24
finish 222.817093134 282.556448936
migrate 8 4 4 5 22 2
migrate 8 4 5 4 21 2
migrate 8 4 6 4 20 2
migrate 8 4 7 4 19 2
controller 48 72887000 2277718 8 4 32
controller 47 70384000 2932666 8 3 24
finish 166.797731876 305.386464834
controller 47 71117000 2222406 8 4 32
controller 46 71688000 2987000 8 3 24
finish 194.064822912 330.065060854
finish 194.605439901 330.526651859
migrate 8 4 2 8 18 3
finish 197.492398977 333.574725866
controller 44 72172000 2255375 8 4 32
finish 201.812736988 340.317330837
finish 203.109452009 341.587619781
finish 210.401808977 346.347588778
migrate 8 3 3 7 17 3
controller 42 62789000 2616208 8 3 24
finish 196.839533806 351.988264799
controller 40 62656000 1958000 8 4 32
finish 231.063033104 366.96022296
finish 232.170608044 370.704852819
controller 37 63868013 2661167 8 3 24
migrate 8 4 4 6 16 3
migrate 8 4 5 5 15 3
migrate 8 4 6 5 14 3
finish 241.167476177 377.138304949
controller 37 66661000 2083156 8 4 32
finish 246.529574156 385.146064997
finish 255.330915928 391.385068893
migrate 8 3 7 5 13 3
controller 34 63354028 2639751 8 3 24
migrate 8 4 3 8 12 4
migrate 8 4 4 7 11 4
finish 262.829434872 398.856749773
finish 264.708467007 403.269843817
migrate 8 4 5 6 10 4
migrate 8 4 6 6 9 4
migrate 8 4 7 6 8 4
controller 33 68164034 2130126 8 4 32
finish 182.509119987 409.329197884
finish 192.32107091 419.03429985
controller 31 65688028 2737001 8 3 24
finish 217.912645102 420.834990978
finish 285.175526142 423.629194975
controller 29 72130028 2254063 8 4 32
finish 206.940565109 433.790170908
controller 28 61940013 2580833 8 3 24
finish 227.99039793 454.674584866
migrate 8 4 4 8 7 5
migrate 8 4 5 7 6 5
controller 27 60682028 1896313 8 4 32
finish 230.824527979 457.593151808
finish 234.110736132 460.853632927
finish 237.399801016 464.193592787
finish 245.892654181 466.683146954
controller 23 67162007 2798416 8 3 24
migrate 8 4 6 7 5 5
migrate 8 4 7 7 4 5
finish 248.630340099 469.395401001
finish 105.418644905 476.961476803
controller 22 54269034 1695907 8 4 32
finish 205.195950031 487.902746916
controller 21 62316041 2596501 8 3 24
migrate 8 4 5 8 3 6
controller 20 69937028 2185532 8 4 32
controller 19 68333034 2847209 8 3 24
finish 233.297342062 516.032269001
migrate 8 4 6 8 2 7
finish 121.178017139 524.532227993
finish 243.378401995 526.057668924
controller 17 62210041 1944063 8 4 32
finish 247.231192827 529.994558811
finish 164.538500071 536.109478951
controller 16 71938056 2997419 8 3 24
migrate 8 4 7 8 1 8
finish 147.759647846 543.917797804
finish 201.190654993 547.59460187
controller 14 67386062 2105814 8 4 32
finish 162.741523981 554.158548832
controller 11 42682069 1778419 8 3 24
finish 233.103320837 563.657848835
finish 198.592560053 570.191094875
finish 102.961736917 570.548061848
controller 10 49520130 2358101 7 3 21
finish 174.370959997 577.748382807
finish 181.975707054 578.164465904
finish 130.716096163 585.46211195
controller 7 41640104 1301253 8 4 32
finish 184.951289177 588.351974964
controller 5 33419125 1392463 8 3 24
finish 130.594210863 598.157411814
finish 60.0611269474 598.988599777
finish 148.308068991 603.07570982
finish 117.117938042 608.219451904
controller 2 19332228 604132 8 4 32
finish 96.8312981129 612.877887964
controller 1 3503076 145961 8 3 24
real 620.71
user 33.89
sys 92.36

Sun Nov  4 03:23:07 2012
----------------
