Log of time -p ./multiple.py 
Sun Nov  4 03:24:53 2012

1 [1, 2, 3, 4, 5, 6, 7, 8]
2 [1, 2, 3, 4, 5, 6, 7, 8]
3 [1, 2, 3, 4, 5, 6, 7, 8]
4 [1, 2, 3, 4, 5, 6, 7, 8]
5 [1, 2, 3, 4, 5, 6, 7, 8]
6 [1, 2, 3, 4, 5, 6, 7, 8]
7 [1, 2, 3, 4, 5, 6, 7, 8]
8 [1, 2, 3, 4, 5, 6, 7, 8]

rvms total avg pwnd vwnd totalvms
migrate 1 1 0 1 64 0
controller 64 48112 48112 1 1 1
migrate 2 2 0 2 63 0
migrate 2 2 1 1 62 0
controller 64 11096074 2774018 2 2 4
migrate 3 3 0 3 61 0
migrate 3 3 1 2 60 0
migrate 3 3 2 1 59 0
controller 64 25387194 2820799 3 3 9
migrate 4 4 0 4 58 0
migrate 4 4 1 3 57 0
migrate 4 4 2 2 56 0
migrate 4 4 3 1 55 0
controller 64 39343112 2458944 4 4 16
controller 64 48289084 4024090 4 3 12
controller 64 60957367 3047868 5 4 20
controller 64 64806084 4320405 5 3 15
finish 89.8817708492 92.0927929878
migrate 6 4 0 5 54 0
migrate 6 4 1 4 53 0
migrate 6 4 2 3 52 0
migrate 6 4 3 2 51 0
migrate 6 4 4 1 50 0
migrate 6 4 5 1 49 0
controller 64 61853551 2577231 6 4 24
controller 63 58905028 3272501 6 3 18
finish 84.1793060303 108.901868105
migrate 7 4 0 6 48 0
controller 62 59172056 2113287 7 4 28
controller 62 45844056 2183050 7 3 21
finish 124.407573938 137.770103931
finish 116.289539099 141.032668114
migrate 8 4 1 5 47 0
migrate 8 4 2 4 46 0
migrate 8 4 3 3 45 0
migrate 8 4 4 2 44 0
migrate 8 4 5 2 43 0
migrate 8 4 6 1 42 0
migrate 8 4 7 1 41 0
migrate 8 4 0 7 40 0
controller 61 62010131 1937816 8 4 32
finish 133.947701931 147.334038019
finish 113.314052105 149.388718128
controller 59 58632000 2443000 8 3 24
migrate 8 4 1 6 39 0
finish 126.034518957 162.054027081
controller 57 46466000 1452062 8 4 32
controller 57 61958000 2581583 8 3 24
finish 147.816871881 183.814636946
controller 57 62792000 1962250 8 4 32
finish 170.753572941 195.51989603
controller 55 62524000 2605166 8 3 24
migrate 8 4 2 5 38 0
migrate 8 4 3 4 37 0
migrate 8 4 4 3 36 0
migrate 8 4 5 3 35 0
migrate 8 4 6 2 34 0
migrate 8 4 7 2 33 0
migrate 8 4 0 8 32 1
migrate 8 4 1 7 31 1
controller 54 69283000 2165093 8 4 32
controller 54 60791000 2532958 8 3 24
finish 190.45788908 226.505742073
migrate 8 4 2 6 30 1
migrate 8 4 3 5 29 1
migrate 8 4 4 4 28 1
migrate 8 4 5 4 27 1
migrate 8 4 6 3 26 1
migrate 8 4 7 3 25 1
finish 136.560123205 228.793059111
controller 53 62861000 1964406 8 4 32
controller 52 62833000 2618041 8 3 24
finish 158.073670864 250.384933949
controller 52 64490000 2015312 8 4 32
controller 51 70205000 2925208 8 3 24
controller 51 69805000 2181406 8 4 32
finish 195.046835899 287.329807997
finish 197.998835087 290.207406044
controller 49 66995000 2791458 8 3 24
migrate 8 4 1 8 24 2
migrate 8 4 2 7 23 2
finish 157.872162819 299.162802935
finish 162.935539007 304.174870968
controller 48 67566000 2111437 8 4 32
finish 218.01947403 310.27731514
controller 47 64380000 2682500 8 3 24
migrate 8 4 3 6 22 2
migrate 8 4 4 5 21 2
migrate 8 4 5 5 20 2
migrate 8 4 6 4 19 2
migrate 8 4 7 4 18 2
finish 231.152873039 323.337633133
controller 46 68707000 2147093 8 4 32
finish 229.059663773 338.017453909
controller 45 62492000 2603833 8 3 24
finish 194.983774185 348.680575132
controller 43 62370000 1949062 8 4 32
controller 43 65170000 2715416 8 3 24
finish 230.56797719 371.832682133
finish 233.871253014 375.086035013
finish 234.215440989 375.35701704
finish 234.279219151 375.469376087
controller 41 63055000 1970468 8 4 32
finish 187.124032974 388.186453104
controller 39 67206000 2800250 8 3 24
finish 191.429090977 392.599944115
finish 258.482316971 399.802592039
controller 37 58103000 1815718 8 4 32
finish 262.54842186 403.71387291
controller 36 57290028 2387084 8 3 24
migrate 8 4 2 8 17 3
migrate 8 4 3 7 16 3
migrate 8 4 4 6 15 3
migrate 8 4 5 6 14 3
migrate 8 4 6 5 13 3
migrate 8 4 7 5 12 3
finish 218.33408308 419.341252089
finish 221.649842978 422.795666933
controller 34 60926055 1903939 8 4 32
finish 231.753391027 432.78836894
controller 33 59190028 2466251 8 3 24
migrate 8 4 3 8 11 4
migrate 8 4 4 7 10 4
finish 245.599026918 446.718883991
controller 31 65322028 2041313 8 4 32
finish 252.733469009 453.827111959
finish 228.278018951 454.94371295
migrate 8 3 5 7 9 4
finish 229.067199945 455.789155006
finish 258.814589977 460.010857105
controller 27 57119082 2379961 8 3 24
migrate 8 4 6 6 8 4
migrate 8 4 7 6 7 4
finish 236.294807911 462.932555914
migrate 8 4 4 8 6 5
migrate 8 4 5 8 5 6
controller 26 63128028 1972750 8 4 32
controller 26 58831055 2451293 8 3 24
finish 260.313138008 487.006927013
migrate 8 4 6 7 4 6
migrate 8 4 7 7 3 6
finish 262.372018814 488.980372906
finish 191.965620041 489.13758707
controller 24 65986028 2062063 8 4 32
finish 204.966485977 502.171788931
controller 22 57611056 2400460 8 3 24
finish 191.54073 511.904396057
controller 21 58571110 1830347 8 4 32
finish 294.744992018 521.327383995
controller 20 63677056 2653210 8 3 24
finish 215.051116943 535.43808794
migrate 8 4 6 8 2 7
finish 216.566020012 536.879358053
controller 19 41122056 1285064 8 4 32
finish 223.564644098 543.904503107
finish 226.812956095 547.225598097
finish 133.293431997 549.131746054
controller 16 61232110 2551337 8 3 24
migrate 8 4 7 8 1 8
controller 16 28 0 8 4 32
finish 160.356878996 576.274974108
controller 16 67198056 2799919 8 3 24
finish 142.710610867 581.70390296
controller 14 69079110 2158722 8 4 32
finish 177.063449144 592.954070091
finish 136.273544073 599.35236001
controller 11 52484028 2186834 8 3 24
finish 185.218448162 601.161477089
finish 139.145215988 602.201133966
finish 147.521372795 602.520376921
controller 9 51608056 1612751 8 4 32
finish 173.676571846 612.644608974
finish 201.599490881 617.463820934
finish 134.990179062 622.085062981
controller 7 48117146 2004881 8 3 24
finish 162.44692111 624.606511116
finish 143.575911999 630.64688611
finish 169.116942883 631.301105976
finish 217.713052988 633.526597977
controller 4 31778140 993066 8 4 32
finish 80.8367710114 635.978296995
controller 1 8806377 366932 8 3 24
finish 116.73901701 652.222608089
controller 1 6226305 296490 7 3 21
real 658.06
user 35.71
sys 93.67

Sun Nov  4 03:35:51 2012
----------------
