Log of time -p ./multiple.py 
Sun Nov  4 04:29:06 2012

1 [1, 2, 3, 4, 5, 6, 7, 8]
2 [1, 2, 3, 4, 5, 6, 7, 8]
3 [1, 2, 3, 4, 5, 6, 7, 8]
4 [1, 2, 3, 4, 5, 6, 7, 8]
5 [1, 2, 3, 4, 5, 6, 7, 8]
6 [1, 2, 3, 4, 5, 6, 7, 8]
7 [1, 2, 3, 4, 5, 6, 7, 8]
8 [1, 2, 3, 4, 5, 6, 7, 8]

rvms total avg pwnd vwnd totalvms
migrate 1 1 0 1 64 0
finish 51.5602929592 53.2467651367
migrate 1 1 0 2 63 0
controller 64 9745370 9745370 1 1 1
migrate 2 2 0 3 62 0
migrate 2 2 1 1 61 0
finish 45.205039978 98.4694881439
migrate 2 2 0 4 60 0
migrate 2 2 1 2 59 0
finish 52.3278129101 115.222366095
migrate 2 2 0 5 58 0
controller 63 30614044 7653511 2 2 4
finish 86.2128360271 149.125899076
finish 50.7867882252 149.2973032
finish 47.9520578384 163.188416004
controller 61 24000039 12000019 2 1 2
migrate 3 2 1 3 57 0
migrate 3 2 2 1 56 0
migrate 3 2 0 6 55 0
finish 90.1750650406 188.704321146
migrate 3 2 1 4 54 0
migrate 3 2 2 2 53 0
migrate 3 2 0 7 52 0
controller 57 40000031 6666671 3 2 6
finish 63.1906101704 251.92051816
finish 68.716078043 255.381646156
finish 76.7393579483 265.488368988
finish 83.0115559101 269.695707083
finish 91.0777270794 277.724163055
finish 93.0355119705 281.74559617
migrate 3 1 1 5 51 0
migrate 3 1 2 3 50 0
migrate 3 1 0 8 49 1
controller 56 25328026 8442675 3 1 3
migrate 4 2 1 6 48 1
migrate 4 2 2 4 47 1
migrate 4 2 3 1 46 1
finish 76.3282368183 358.171139002
controller 51 37914011 4739251 4 2 8
finish 90.9794869423 372.803472042
finish 72.16654706 382.589023113
finish 103.488478899 385.293843031
finish 76.7055389881 387.15022707
finish 86.4512629509 396.85336709
migrate 4 1 1 7 45 1
migrate 4 1 2 5 44 1
migrate 4 1 3 2 43 1
controller 49 22418019 5604504 4 1 4
migrate 5 2 1 8 42 2
migrate 5 2 2 6 41 2
migrate 5 2 3 3 40 2
migrate 5 2 4 1 39 2
finish 66.661657095 463.575931072
finish 68.9312160015 465.826443195
migrate 5 2 2 7 38 2
migrate 5 2 3 4 37 2
migrate 5 2 4 2 36 2
finish 80.5999979973 477.476871967
controller 45 48474028 4847402 5 2 10
finish 86.2604157925 520.432229996
finish 87.197783947 521.392071009
finish 93.183191061 527.332611084
finish 97.0464720726 531.262353182
finish 66.9078178406 532.791584015
finish 87.2591030598 553.121513128
finish 89.4865880013 555.327812195
migrate 5 1 2 8 35 3
migrate 5 1 3 5 34 3
migrate 5 1 4 3 33 3
controller 42 30900030 6180006 5 1 5
migrate 6 2 3 6 32 3
migrate 6 2 4 4 31 3
migrate 6 2 5 1 30 3
finish 61.0125780106 616.347511053
controller 35 38559021 3213251 6 2 12
finish 78.2445008755 636.101680994
finish 82.4949448109 637.866029978
finish 87.9204969406 645.819044113
finish 91.7810997963 647.134160995
migrate 6 1 3 7 29 3
finish 103.297896147 661.174949169
migrate 6 1 4 5 28 3
migrate 6 1 5 2 27 3
controller 34 24029026 4004837 6 1 6
migrate 7 2 3 8 26 4
migrate 7 2 4 6 25 4
migrate 7 2 5 3 24 4
migrate 7 2 6 1 23 4
finish 66.849793911 714.062294006
finish 60.2845089436 741.87253809
migrate 7 2 4 7 22 4
controller 29 46234028 3302430 7 2 14
finish 84.0263979435 745.247662067
finish 84.3714790344 745.573957205
finish 66.7849600315 748.349454165
finish 92.4353470802 774.044341087
migrate 7 1 5 4 21 4
finish 92.9241931438 774.556733131
migrate 7 1 6 2 20 4
controller 25 24799017 3542716 7 1 7
migrate 8 2 4 8 19 5
migrate 8 2 5 5 18 5
migrate 8 2 6 3 17 5
migrate 8 2 7 1 16 5
finish 65.9418048859 807.888138056
finish 73.035367012 847.095483065
migrate 8 2 5 6 15 5
finish 81.2658040524 855.931936026
migrate 8 2 6 4 14 5
migrate 8 2 7 2 13 5
controller 21 44023012 2751438 8 2 16
finish 74.0159771442 879.282306194
finish 80.3430919647 885.589704037
finish 86.489634037 891.715890169
finish 93.4218509197 898.708476067
finish 71.0504341125 926.99638319
finish 81.1524829865 928.368812084
migrate 8 1 5 7 12 5
migrate 8 1 6 5 11 5
finish 72.5928661823 928.557777166
migrate 8 1 7 3 10 5
controller 19 35523018 4440377 8 1 8
migrate 8 2 5 8 9 6
migrate 8 2 6 6 8 6
migrate 8 2 7 4 7 6
controller 12 40000039 2500002 8 2 16
finish 75.0505039692 1003.49819112
finish 82.8691730499 1011.84406209
finish 88.9660429955 1017.9593792
finish 91.4594829082 1020.06280208
finish 92.5540630817 1021.56765914
finish 95.2322819233 1023.6991241
migrate 8 1 6 7 6 6
migrate 8 1 7 5 5 6
controller 12 23983017 2997877 8 1 8
migrate 8 2 6 8 4 7
migrate 8 2 7 6 3 7
finish 68.3129870892 1092.06958318
finish 79.0995459557 1102.87554812
migrate 8 2 7 7 2 7
finish 60.1225879192 1113.38378811
finish 61.0129539967 1114.29569006
migrate 8 2 7 8 1 8
controller 6 30000031 1875001 8 2 16
finish 49.8697900772 1152.7778492
finish 45.1317150593 1159.45136404
controller 2 18000051 2250006 8 1 8
real 1178.08
user 44.59
sys 145.21

Sun Nov  4 04:48:44 2012
----------------
