Log of time -p ./multiple.py 
Sun Nov  4 03:56:38 2012

1 [1, 2, 3, 4, 5, 6, 7, 8]
2 [1, 2, 3, 4, 5, 6, 7, 8]
3 [1, 2, 3, 4, 5, 6, 7, 8]
4 [1, 2, 3, 4, 5, 6, 7, 8]
5 [1, 2, 3, 4, 5, 6, 7, 8]
6 [1, 2, 3, 4, 5, 6, 7, 8]
7 [1, 2, 3, 4, 5, 6, 7, 8]
8 [1, 2, 3, 4, 5, 6, 7, 8]

rvms total avg pwnd vwnd totalvms
migrate 1 1 0 1 64 0
controller 64 8499103 8499103 1 1 1
migrate 2 2 0 2 63 0
migrate 2 2 1 1 62 0
finish 59.0846111774 59.7690680027
migrate 2 2 0 3 61 0
migrate 2 2 1 2 60 0
controller 64 19176072 4794018 2 2 4
controller 63 24000068 12000034 2 1 2
finish 84.9762859344 116.835942984
migrate 3 2 0 4 59 0
controller 63 33000063 5500010 3 2 6
finish 70.7479419708 130.603888988
finish 72.2413568497 132.078122854
finish 103.816887856 135.695118904
migrate 3 1 1 3 58 0
migrate 3 1 2 1 57 0
controller 62 22640112 7546704 3 1 3
migrate 4 2 0 5 56 0
migrate 4 2 1 4 55 0
migrate 4 2 2 2 54 0
migrate 4 2 3 1 53 0
finish 61.278924942 178.133685827
migrate 4 2 0 6 52 0
controller 59 38746036 4843254 4 2 8
finish 78.0384180546 213.761523962
controller 58 46359068 11589767 4 1 4
migrate 5 2 1 5 51 0
finish 99.4047191143 235.146481991
migrate 5 2 2 3 50 0
migrate 5 2 3 2 49 0
migrate 5 2 4 1 48 0
finish 85.4319169521 242.746222973
controller 57 41744036 4174403 5 2 10
finish 99.0834598541 256.32977891
finish 102.364164829 259.633612871
finish 90.8377840519 269.009980917
migrate 5 1 0 7 47 0
finish 122.782367945 280.076745987
controller 53 41178059 8235611 5 1 5
migrate 6 2 1 6 46 0
migrate 6 2 2 4 45 0
migrate 6 2 3 3 44 0
migrate 6 2 4 2 43 0
migrate 6 2 5 1 42 0
migrate 6 2 0 8 41 1
controller 51 44626027 3718835 6 2 12
finish 100.368413925 320.233518839
finish 101.915609837 337.146947861
finish 109.746380091 344.939656973
controller 50 56305050 9384175 6 1 6
migrate 7 2 1 7 40 1
migrate 7 2 2 5 39 1
finish 113.894155025 349.106451988
migrate 7 2 3 4 38 1
migrate 7 2 4 3 37 1
migrate 7 2 5 2 36 1
migrate 7 2 6 1 35 1
finish 81.0637700558 363.681010962
controller 47 61054009 4361000 7 2 14
finish 101.176760912 383.678509951
finish 107.703852892 390.266486883
finish 120.377355099 402.897654057
finish 138.310936928 407.376984835
controller 45 61183041 8740434 7 1 7
migrate 8 2 1 8 34 2
migrate 8 2 2 6 33 2
finish 129.995164156 412.534301996
migrate 8 2 3 5 32 2
migrate 8 2 4 4 31 2
finish 67.5562310219 416.707361937
finish 71.5643248558 420.78083086
finish 139.434574127 422.024286032
migrate 8 2 5 3 30 2
migrate 8 2 6 2 29 2
migrate 8 2 7 1 28 2
controller 41 46319018 2894938 8 2 16
finish 113.830681086 459.013350964
controller 38 56397009 7049626 8 1 8
migrate 8 2 2 7 27 2
migrate 8 2 3 6 26 2
finish 130.297184944 475.457749844
finish 128.478818893 477.651229858
migrate 8 2 4 5 25 2
finish 140.3819561 489.576653957
migrate 8 2 5 4 24 2
migrate 8 2 6 3 23 2
migrate 8 2 7 2 22 2
controller 35 53152009 3322000 8 2 16
finish 103.789127111 511.658246994
finish 105.079941988 517.68144393
controller 34 60485041 7560630 8 1 8
finish 113.748940945 535.814766884
finish 125.334513187 547.439604044
finish 137.192094088 549.772475958
finish 144.893985033 552.784839869
migrate 8 2 2 8 21 3
migrate 8 2 3 7 20 3
migrate 8 2 4 6 19 3
migrate 8 2 5 5 18 3
finish 131.52642107 553.612076044
migrate 8 2 6 4 17 3
migrate 8 2 7 3 16 3
finish 89.280328989 559.859352827
migrate 8 2 3 8 15 4
controller 31 51022018 3188876 8 2 16
finish 102.407485962 572.966799974
finish 98.9904699326 588.643309832
controller 26 51784009 6473001 8 1 8
finish 120.860198021 598.559275866
migrate 8 2 4 7 14 4
migrate 8 2 5 6 13 4
finish 127.227415085 616.899610996
migrate 8 2 6 5 12 4
finish 137.39429903 627.086525917
migrate 8 2 7 4 11 4
controller 23 56680018 3542501 8 2 16
finish 91.7401359081 644.600812912
controller 21 56177050 7022131 8 1 8
finish 115.251026154 668.092293978
finish 118.336451054 671.965857029
finish 121.771995783 674.652048826
migrate 8 2 4 8 10 5
finish 115.128288984 675.063266039
finish 122.501885176 675.401689053
migrate 8 2 5 7 9 5
migrate 8 2 6 6 8 5
controller 20 50172000 3135750 8 2 16
finish 91.8646831512 690.475321054
finish 137.488344908 691.137682915
finish 101.954442978 700.584851027
finish 80.0945720673 707.230396032
migrate 8 1 7 5 7 5
finish 92.6774091721 709.635118008
controller 13 34628036 4328504 8 1 8
migrate 8 2 5 8 6 6
migrate 8 2 6 7 5 6
migrate 8 2 7 6 4 6
controller 10 40071036 2504439 8 2 16
finish 86.636428833 762.108250856
finish 102.980641127 778.471735001
controller 10 36036082 4504510 8 1 8
migrate 8 2 6 8 3 7
finish 113.091691971 787.836915016
finish 102.635996103 809.963737965
migrate 8 2 7 7 2 7
finish 88.378880024 810.083791971
finish 93.608164072 815.334997892
controller 7 35178036 2198627 8 2 16
finish 109.407737017 831.157620907
controller 4 15256060 1907007 8 1 8
finish 73.9385180473 858.280324936
controller 3 12555063 1793580 7 1 7
finish 75.827064991 885.861253977
migrate 6 1 7 8 1 8
controller 2 7874095 1312349 6 1 6
finish 51.1119389534 937.072681904
controller 1 14000063 2800012 5 1 5
real 941.59
user 41.13
sys 120.56

Sun Nov  4 04:12:19 2012
----------------
