Log of time -p ./multiple.py 
Sat Nov  3 23:10:14 2012

1 [1, 2, 3, 4, 5, 6, 7, 8]
2 [1, 2, 3, 4, 5, 6, 7, 8]
3 [1, 2, 3, 4, 5, 6, 7, 8]
4 [1, 2, 3, 4, 5, 6, 7, 8]
5 [1, 2, 3, 4, 5, 6, 7, 8]
6 [1, 2, 3, 4, 5, 6, 7, 8]
7 [1, 2, 3, 4, 5, 6, 7, 8]
8 [1, 2, 3, 4, 5, 6, 7, 8]

rvms total avg pwnd vwnd totalvms
migrate 1 1 0 1 64 0
controller 64 828366 828366 1 1 1
migrate 2 2 0 2 63 0
migrate 2 2 1 1 62 0
controller 64 23773330 5943332 2 2 4
migrate 3 3 0 3 61 0
migrate 3 3 1 2 60 0
migrate 3 3 2 1 59 0
controller 64 52365344 5818371 3 3 9
controller 64 69000275 11500045 3 2 6
controller 64 76000340 6333361 4 3 12
finish 33.4414899349 34.6256289482
controller 63 77001164 9625145 4 2 8
migrate 5 3 0 4 58 0
migrate 5 3 1 3 57 0
migrate 5 3 2 2 56 0
migrate 5 3 3 1 55 0
migrate 5 3 4 1 54 0
controller 63 78210124 5214008 5 3 15
finish 42.3089230061 49.6882939339
controller 62 84957165 8495716 5 2 10
migrate 6 3 0 5 53 0
controller 62 84767165 4709286 6 3 18
controller 62 97827582 8152298 6 2 12
finish 55.9748821259 69.7504479885
controller 61 90946083 4330765 7 3 21
finish 62.8788440228 76.6308538914
controller 61 89426204 6387586 7 2 14
migrate 8 3 1 4 52 0
migrate 8 3 2 3 51 0
migrate 8 3 3 2 50 0
migrate 8 3 4 2 49 0
migrate 8 3 5 1 48 0
migrate 8 3 6 1 47 0
migrate 8 3 7 1 46 0
finish 67.4190309048 81.1467728615
migrate 8 3 0 6 45 0
finish 76.6418690681 84.0423760414
migrate 8 3 1 5 44 0
migrate 8 3 2 4 43 0
migrate 8 3 3 3 42 0
migrate 8 3 4 3 41 0
migrate 8 3 5 2 40 0
migrate 8 3 6 2 39 0
migrate 8 3 7 2 38 0
controller 59 96302000 4012583 8 3 24
controller 57 98996000 6187250 8 2 16
finish 54.8528897762 94.7968068123
controller 57 98445000 4101875 8 3 24
controller 57 111841000 6990062 8 2 16
finish 67.4381799698 107.290248871
migrate 8 3 0 7 37 0
finish 71.9261040688 111.797466993
migrate 8 3 1 6 36 0
controller 55 107416000 4475666 8 3 24
controller 54 110380000 6898750 8 2 16
finish 65.317620039 118.804327011
finish 81.1602790356 121.054499865
migrate 8 3 2 5 35 0
controller 53 108894000 4537250 8 3 24
controller 53 114468000 7154250 8 2 16
controller 53 116265000 4844375 8 3 24
finish 58.5686860085 142.642230034
controller 52 111000000 6937500 8 2 16
controller 52 108865000 4536041 8 3 24
controller 52 111857000 6991062 8 2 16
finish 54.7224981785 162.065279007
controller 50 116672000 4861333 8 3 24
finish 124.653343916 164.571862936
finish 83.015668869 167.137674809
finish 84.8902771473 168.93976903
controller 48 107589000 6724312 8 2 16
migrate 8 3 3 4 34 0
migrate 8 3 4 4 33 0
migrate 8 3 5 3 32 0
migrate 8 3 6 3 31 0
migrate 8 3 7 3 30 0
migrate 8 3 0 8 29 1
migrate 8 3 1 7 28 1
migrate 8 3 2 6 27 1
finish 88.2353260517 172.438905954
finish 92.7423250675 172.455724955
controller 46 105021000 4375875 8 3 24
finish 99.4219019413 179.231990814
finish 100.049649 179.783736944
finish 101.877597094 181.66078496
finish 70.640663147 182.454396009
controller 43 93336000 5833500 8 2 16
finish 106.618523121 187.850029945
controller 41 99884000 4161833 8 3 24
finish 112.823045015 192.668606043
controller 40 108446000 6777875 8 2 16
finish 122.022602081 201.892705917
finish 118.242019892 202.418465853
controller 38 110902000 4620916 8 3 24
finish 121.903101921 206.050449848
finish 126.337451935 206.09284687
finish 123.068052053 207.165256977
migrate 8 2 3 5 26 1
migrate 8 2 4 5 25 1
migrate 8 2 5 4 24 1
migrate 8 2 6 4 23 1
migrate 8 2 7 4 22 1
migrate 8 2 1 8 21 2
controller 36 105781000 6611312 8 2 16
migrate 8 3 2 7 20 2
migrate 8 3 3 6 19 2
migrate 8 3 4 6 18 2
migrate 8 3 5 5 17 2
migrate 8 3 6 5 16 2
migrate 8 3 7 5 15 2
controller 34 106944000 4456000 8 3 24
finish 49.0681090355 219.882145882
finish 100.064157009 221.183681965
controller 33 86235000 5389687 8 2 16
migrate 8 3 2 8 14 3
controller 33 107071000 4461291 8 3 24
controller 32 112807000 7050437 8 2 16
finish 67.2738099098 238.060634851
controller 32 115996000 4833166 8 3 24
controller 32 114000055 7125003 8 2 16
controller 31 114215055 4758960 8 3 24
finish 83.4969661236 254.33830595
controller 31 113161055 7072565 8 2 16
finish 92.7976248264 263.441028833
migrate 8 3 3 7 13 3
finish 94.1896009445 264.895318985
controller 29 114000055 4750002 8 3 24
finish 97.9130830765 268.673028946
finish 64.5353398323 271.88496685
controller 28 89986110 5624131 8 2 16
controller 27 88000136 3666672 8 3 24
finish 72.917137146 282.545320988
controller 26 110490165 6905635 8 2 16
finish 76.7797300816 286.463470936
finish 117.281008005 288.011729956
finish 84.9893360138 292.25078702
migrate 8 3 4 7 12 3
migrate 8 3 5 6 11 3
migrate 8 3 6 6 10 3
migrate 8 3 7 6 9 3
controller 24 84585165 3524381 8 3 24
finish 84.8498599529 294.384400845
controller 22 76811110 4800694 8 2 16
finish 92.5397949219 302.196950912
controller 20 83381165 3474215 8 3 24
finish 137.497841835 308.172181845
controller 20 95670165 5979385 8 2 16
finish 103.805378914 313.402946949
finish 107.995507002 315.278995037
finish 109.615366936 316.921026945
controller 17 100835110 4201462 8 3 24
finish 108.754055023 318.322857857
controller 16 93119304 5819956 8 2 16
migrate 8 3 3 8 8 4
migrate 8 3 4 8 7 5
migrate 8 3 5 7 6 5
migrate 8 3 6 7 5 5
migrate 8 3 7 7 4 5
migrate 8 3 5 8 3 6
migrate 8 3 6 8 2 7
finish 117.814688921 325.054200888
finish 120.712312937 328.040172815
migrate 8 3 7 8 1 8
finish 107.095170975 329.2958529
finish 65.8323209286 329.312848806
controller 14 81560083 3398336 8 3 24
controller 12 83000124 5187507 8 2 16
controller 11 72646234 3026926 8 3 24
finish 51.5478920937 343.823628902
controller 11 97000110 6062506 8 2 16
controller 11 103000110 4291671 8 3 24
finish 65.4199450016 357.744724035
finish 66.9095249176 359.209770918
controller 10 97000179 6062511 8 2 16
finish 74.5637910366 366.912844896
finish 39.993945837 368.055765867
controller 9 103000179 4291674 8 3 24
controller 7 82761246 5172577 8 2 16
finish 52.2049529552 376.523180962
controller 6 64696275 2695678 8 3 24
finish 57.1692910194 381.373534918
finish 57.2631318569 381.444079876
finish 61.1137769222 385.409570932
controller 4 48970276 3060642 8 2 16
finish 66.9311258793 391.156567812
finish 68.6929531097 392.942085028
controller 2 39944248 1664343 8 3 24
controller 1 13000344 812521 8 2 16
finish 80.9793829918 405.249614954
controller 1 18000619 1285758 7 2 14
real 406.71
user 28.74
sys 61.59

Sat Nov  3 23:17:01 2012
----------------
