Log of time -p ./multiple.py 
Sun Nov  4 09:22:45 2012

1 [1, 2, 3, 4, 5, 6, 7, 8]
2 [1, 2, 3, 4, 5, 6, 7, 8]
3 [1, 2, 3, 4, 5, 6, 7, 8]
4 [1, 2, 3, 4, 5, 6, 7, 8]
5 [1, 2, 3, 4, 5, 6, 7, 8]
6 [1, 2, 3, 4, 5, 6, 7, 8]
7 [1, 2, 3, 4, 5, 6, 7, 8]
8 [1, 2, 3, 4, 5, 6, 7, 8]

rvms total avg pwnd vwnd totalvms
migrate 1 1 0 1 64 0
controller 64 108275 108275 1 1 1
migrate 2 2 0 2 63 0
migrate 2 2 1 1 62 0
controller 64 30644495 7661123 2 2 4
migrate 3 3 0 3 61 0
migrate 3 3 1 2 60 0
migrate 3 3 2 1 59 0
controller 64 47690330 5298925 3 3 9
controller 64 61378663 10229777 3 2 6
controller 64 58410275 4867522 4 3 12
controller 64 75374385 9421798 4 2 8
controller 64 69000385 4600025 5 3 15
finish 37.6253969669 50.8197479248
controller 64 73000330 7300033 5 2 10
migrate 6 3 0 4 58 0
migrate 6 3 1 3 57 0
migrate 6 3 2 2 56 0
migrate 6 3 3 1 55 0
migrate 6 3 4 1 54 0
migrate 6 3 5 1 53 0
finish 54.4936990738 55.1836969852
migrate 6 3 0 5 52 0
controller 63 53515165 2973064 6 3 18
controller 61 66449110 5537425 6 2 12
controller 61 64720165 3081912 7 3 21
finish 59.9565601349 73.1748530865
finish 66.2704138756 73.1895489693
controller 60 77778165 5555583 7 2 14
migrate 8 3 1 4 51 0
migrate 8 3 2 3 50 0
migrate 8 3 3 2 49 0
migrate 8 3 4 2 48 0
migrate 8 3 5 2 47 0
migrate 8 3 6 1 46 0
migrate 8 3 7 1 45 0
migrate 8 3 0 6 44 0
finish 63.6428489685 76.8863320351
controller 59 84705000 3529375 8 3 24
controller 58 70438000 4402375 8 2 16
finish 82.8129308224 89.7553999424
migrate 8 3 1 5 43 0
migrate 8 3 2 4 42 0
migrate 8 3 3 3 41 0
migrate 8 3 4 3 40 0
migrate 8 3 5 3 39 0
migrate 8 3 6 2 38 0
migrate 8 3 7 2 37 0
controller 58 86000000 3583333 8 3 24
controller 58 88371000 5523187 8 2 16
controller 58 92083000 3836791 8 3 24
controller 58 102667000 6416687 8 2 16
finish 63.5194251537 118.75911212
migrate 8 3 0 7 36 0
controller 57 99052000 4127166 8 3 24
controller 57 90565000 5660312 8 2 16
controller 57 101041000 4210041 8 3 24
controller 57 96481000 6030062 8 2 16
controller 57 100685000 4195208 8 3 24
controller 57 87963000 5497687 8 2 16
finish 107.269052029 158.874963045
controller 56 101625000 4234375 8 3 24
finish 111.158039093 162.679552078
controller 54 82699000 5168687 8 2 16
finish 93.8021421432 170.658749104
finish 122.070604801 173.635855913
controller 53 101563000 4231791 8 3 24
controller 52 93074000 5817125 8 2 16
finish 131.424849033 182.966593027
migrate 8 3 1 6 35 0
migrate 8 3 2 5 34 0
finish 107.230634928 184.004570961
controller 51 93804000 3908500 8 3 24
finish 97.9599349499 187.833832979
finish 141.498961926 193.083760977
controller 50 102409000 6400562 8 2 16
migrate 8 3 3 4 33 0
migrate 8 3 4 4 32 0
migrate 8 3 5 4 31 0
migrate 8 3 6 3 30 0
migrate 8 3 7 3 29 0
migrate 8 3 0 8 28 1
finish 118.747993946 195.475910902
finish 107.001970768 196.901753902
controller 47 91135000 3797291 8 3 24
finish 125.625389814 202.455442905
finish 151.183455944 202.813179016
finish 116.018707037 205.817450047
controller 44 85761000 5360062 8 2 16
finish 130.601603031 207.351812124
finish 134.62719512 211.333656073
controller 42 84417000 3517375 8 3 24
finish 124.921313047 214.770739079
finish 139.131654024 215.81725502
controller 40 98493000 6155812 8 2 16
migrate 8 3 1 7 27 1
migrate 8 3 2 6 26 1
migrate 8 3 3 5 25 1
migrate 8 3 4 5 24 1
migrate 8 3 5 5 23 1
migrate 8 3 6 4 22 1
migrate 8 3 7 4 21 1
finish 143.641361952 220.443671942
controller 38 92769000 3865375 8 3 24
finish 136.507245064 226.330363989
finish 139.533317089 229.459603071
finish 112.118038893 230.899353981
controller 36 87796000 5487250 8 2 16
controller 36 99511000 4146291 8 3 24
controller 34 101864000 6366500 8 2 16
finish 155.38781786 245.16249299
migrate 8 3 1 8 20 2
migrate 8 3 2 7 19 2
migrate 8 3 3 6 18 2
migrate 8 3 4 6 17 2
migrate 8 3 5 6 16 2
migrate 8 3 6 5 15 2
migrate 8 3 7 5 14 2
controller 35 100756000 4198166 8 3 24
controller 35 90679000 5667437 8 2 16
controller 35 94336000 3930666 8 3 24
finish 74.9282371998 268.335961103
controller 34 102426000 6401625 8 2 16
controller 34 97480000 4061666 8 3 24
finish 82.2275240421 275.581649065
controller 33 106990000 6686875 8 2 16
controller 33 95370000 3973750 8 3 24
finish 106.199009895 289.272876978
controller 31 103827000 6489187 8 2 16
migrate 8 3 2 8 13 3
finish 80.9654669762 299.609033108
controller 31 101482000 4228416 8 3 24
finish 111.237054825 304.566047907
finish 122.673404932 305.723160982
controller 28 87999000 5499937 8 2 16
migrate 8 3 3 7 12 3
migrate 8 3 4 7 11 3
finish 113.955871105 307.398791075
finish 119.048448801 312.428988934
migrate 8 3 5 7 10 3
migrate 8 3 6 6 9 3
migrate 8 3 7 6 8 3
controller 28 103014000 4292250 8 3 24
finish 120.41829896 313.899162054
finish 98.1200289726 316.849965096
controller 25 90088219 5630513 8 2 16
controller 25 97932000 4080500 8 3 24
finish 110.311510086 329.132717133
controller 24 98886055 6180378 8 2 16
finish 91.2306931019 336.475357056
migrate 8 3 3 8 7 4
migrate 8 3 4 8 6 5
finish 118.682512999 337.443187952
migrate 8 3 5 8 5 6
controller 23 82330055 3430418 8 3 24
finish 98.2529501915 343.548864126
controller 22 82538249 5158640 8 2 16
finish 104.613671064 349.833667994
finish 105.29248023 350.617972136
migrate 8 3 6 7 4 6
migrate 8 3 7 7 3 6
finish 132.349447012 351.049731016
controller 19 78791055 3282960 8 3 24
controller 18 83490055 5218128 8 2 16
finish 143.012411118 361.684494019
controller 17 100550110 4189587 8 3 24
finish 123.713995934 368.983294964
controller 15 100620055 6288753 8 2 16
finish 125.318237066 370.670700073
finish 154.285689116 373.076431036
migrate 8 3 6 8 2 7
migrate 8 3 7 8 1 8
controller 14 103596055 4316502 8 3 24
controller 14 79347110 4959194 8 2 16
finish 88.9197459221 383.434742928
controller 13 73489000 3062041 8 3 24
finish 81.0251219273 393.495189905
finish 149.621599913 394.816627026
controller 11 88025110 5501569 8 2 16
finish 90.9662690163 398.106173038
controller 11 77195220 3216467 8 3 24
controller 10 87288498 5455531 8 2 16
finish 72.9999520779 409.533121109
finish 98.7583549023 411.274477959
finish 104.244868994 411.354671955
controller 7 71817110 2992379 8 3 24
finish 79.1136569977 415.624283075
finish 67.2422659397 417.96329999
controller 6 61289220 3830576 8 2 16
finish 111.885631084 424.378530025
finish 51.3229949474 424.440289974
controller 4 46819440 1950810 8 3 24
finish 93.7009720802 431.219052076
controller 3 35000440 2187527 8 2 16
finish 82.5832648277 433.283046961
controller 1 23000453 958352 8 3 24
finish 66.5083639622 439.605551004
real 440.11
user 32.25
sys 68.95

Sun Nov  4 09:30:05 2012
----------------
