Log of time -p ./multiple.py 
Sun Nov  4 10:18:45 2012

1 [1, 2, 3, 4, 5, 6, 7, 8]
2 [1, 2, 3, 4, 5, 6, 7, 8]
3 [1, 2, 3, 4, 5, 6, 7, 8]
4 [1, 2, 3, 4, 5, 6, 7, 8]
5 [1, 2, 3, 4, 5, 6, 7, 8]
6 [1, 2, 3, 4, 5, 6, 7, 8]
7 [1, 2, 3, 4, 5, 6, 7, 8]
8 [1, 2, 3, 4, 5, 6, 7, 8]

rvms total avg pwnd vwnd totalvms
migrate 1 1 0 1 64 0
controller 64 1803532 1803532 1 1 1
migrate 2 2 0 2 63 0
migrate 2 2 1 1 62 0
controller 64 21515302 5378825 2 2 4
migrate 3 3 0 3 61 0
migrate 3 3 1 2 60 0
migrate 3 3 2 1 59 0
controller 64 39936289 4437365 3 3 9
controller 64 58955357 9825892 3 2 6
controller 64 61687275 5140606 4 3 12
controller 64 85240303 10655037 4 2 8
finish 39.1180620193 43.2925200462
migrate 5 3 0 4 58 0
migrate 5 3 1 3 57 0
migrate 5 3 2 2 56 0
migrate 5 3 3 1 55 0
migrate 5 3 4 1 54 0
controller 63 76741165 5116077 5 3 15
controller 63 92000082 9200008 5 2 10
finish 41.5573480129 58.2080030441
migrate 6 3 0 5 53 0
controller 62 95000123 5277784 6 3 18
controller 62 106000165 8833347 6 2 12
finish 59.3319549561 69.77658391
migrate 7 3 1 4 52 0
migrate 7 3 2 3 51 0
migrate 7 3 3 2 50 0
migrate 7 3 4 2 49 0
migrate 7 3 5 1 48 0
migrate 7 3 6 1 47 0
controller 61 91522055 4358193 7 3 21
controller 61 76269055 5447789 7 2 14
controller 61 102928068 4288669 8 3 24
finish 47.4215860367 90.7352859974
finish 50.3350160122 93.7413229942
controller 60 110346055 6896628 8 2 16
migrate 8 3 0 6 46 0
controller 59 113142055 4714252 8 3 24
finish 63.0939340591 106.428647041
finish 65.3347280025 108.691313028
controller 57 109479055 6842440 8 2 16
migrate 8 3 1 5 45 0
migrate 8 3 2 4 44 0
migrate 8 3 3 3 43 0
migrate 8 3 4 3 42 0
migrate 8 3 5 2 41 0
migrate 8 3 6 2 40 0
migrate 8 3 7 1 39 0
finish 94.8956639767 111.567154884
finish 96.8865528107 113.580695868
finish 103.647921085 114.061887026
migrate 8 3 0 7 38 0
migrate 8 3 1 6 37 0
migrate 8 3 2 5 36 0
controller 54 88967000 3706958 8 3 24
controller 53 97904000 6119000 8 2 16
finish 80.8031089306 124.185421944
migrate 8 3 3 4 35 0
migrate 8 3 4 4 34 0
migrate 8 3 5 3 33 0
migrate 8 3 6 3 32 0
migrate 8 3 7 2 31 0
controller 53 101816000 4242333 8 3 24
controller 53 113008000 7063000 8 2 16
controller 52 115796000 4824833 8 3 24
finish 85.9589231014 144.282346964
finish 78.1615869999 148.016290903
controller 52 101641000 6352562 8 2 16
migrate 8 3 0 8 30 1
migrate 8 3 1 7 29 1
controller 51 115990000 4832916 8 3 24
finish 88.3622200489 158.342444897
controller 50 110072000 6879500 8 2 16
controller 49 113410000 4725416 8 3 24
finish 102.125432968 172.003495932
controller 49 113094000 7068375 8 2 16
migrate 8 3 2 6 28 1
controller 49 114463000 4769291 8 3 24
finish 114.615551949 184.541436911
finish 89.5609848499 186.507341862
controller 46 112000000 7000000 8 2 16
finish 73.6442468166 187.772631884
finish 74.2132899761 188.318887949
finish 121.320847034 191.222362995
migrate 8 3 3 5 27 1
migrate 8 3 4 5 26 1
controller 44 101318000 4221583 8 3 24
finish 128.325968981 198.276563883
finish 90.5852620602 200.577158928
controller 43 111550000 6971875 8 2 16
migrate 8 3 5 4 25 1
migrate 8 3 6 4 24 1
migrate 8 3 7 3 23 1
migrate 8 3 1 8 22 2
migrate 8 3 2 7 21 2
controller 42 104805000 4366875 8 3 24
finish 99.568269968 213.651428938
controller 41 98069000 6129312 8 2 16
finish 108.962319136 219.061156988
controller 39 113831000 4742958 8 3 24
finish 112.095866919 222.225447893
finish 99.4078509808 223.759959936
controller 37 109933000 6870812 8 2 16
finish 102.905205965 227.282665014
finish 104.202497959 228.503083944
controller 36 95661000 3985875 8 3 24
finish 89.5223059654 239.531725883
controller 35 108342000 6771375 8 2 16
finish 90.0248799324 240.004715919
finish 130.177061081 240.245214939
finish 119.057326078 243.334404945
migrate 8 3 3 6 20 2
migrate 8 3 4 6 19 2
migrate 8 3 5 5 18 2
migrate 8 3 6 5 17 2
migrate 8 3 7 4 16 2
finish 134.011723995 244.053961992
controller 32 108892055 4537168 8 3 24
finish 136.684619904 246.841974974
finish 75.801733017 251.034565926
controller 30 108136000 6758500 8 2 16
migrate 8 3 2 8 15 3
migrate 8 3 3 7 14 3
migrate 8 3 4 7 13 3
finish 145.432210922 255.44974494
controller 28 87410068 3642086 8 3 24
finish 62.2891049385 263.293057919
controller 27 86763055 5422690 8 2 16
finish 74.7912778854 266.062502861
controller 26 101000165 4208340 8 3 24
finish 76.7214381695 277.697056055
finish 77.0822679996 278.033915043
controller 26 110000124 6875007 8 2 16
finish 88.2053740025 279.501204967
finish 159.447730064 283.775559902
migrate 8 3 5 6 12 3
migrate 8 3 6 6 11 3
migrate 8 3 7 5 10 3
migrate 8 3 3 8 9 4
migrate 8 3 4 8 8 5
controller 22 87693082 3653878 8 3 24
controller 22 100000110 6250006 8 2 16
controller 22 107000123 4458338 8 3 24
controller 21 112000165 7000010 8 2 16
finish 103.69493103 304.62381506
migrate 8 3 5 7 7 5
migrate 8 3 6 7 6 5
migrate 8 3 7 6 5 5
finish 107.04728508 308.07881403
controller 20 96000165 4000006 8 3 24
controller 20 71251069 4453191 8 2 16
controller 20 96078110 4003254 8 3 24
controller 20 110238110 6889881 8 2 16
finish 89.5570318699 333.053012848
migrate 8 3 5 8 4 6
finish 81.0023040771 333.970741987
controller 18 105589165 4399548 8 3 24
finish 93.5683689117 337.109941959
finish 97.6134209633 341.069370031
controller 15 96775110 6048444 8 2 16
finish 99.8798210621 343.355736017
finish 100.585404873 344.102690935
migrate 8 3 6 8 3 7
migrate 8 3 7 7 2 7
finish 92.4979450703 345.494132042
finish 92.8555700779 345.799196005
finish 43.0238289833 347.754312038
controller 11 69629123 2901213 8 3 24
controller 11 76318165 4769885 8 2 16
finish 72.872592926 356.67175889
controller 10 80510179 3354590 8 3 24
finish 83.6258711815 367.447272062
controller 10 82579124 5161195 8 2 16
finish 66.9551811218 371.708307028
migrate 8 3 7 8 1 8
controller 8 65764234 2740176 8 3 24
finish 91.5898039341 375.433410883
finish 70.8984868526 375.606690884
controller 6 53509138 3344321 8 2 16
controller 6 60094137 2503922 8 3 24
finish 106.308714151 390.197412014
controller 5 63188220 3949263 8 2 16
finish 112.155102968 396.021219015
controller 4 55476302 2311512 8 3 24
finish 57.8889439106 402.008229971
finish 70.5845329762 403.7533319
finish 34.7324559689 406.4841609
finish 62.4361059666 406.575248003
controller 2 27200330 1700020 8 2 16
real 407.39
user 29.98
sys 65.31

Sun Nov  4 10:25:32 2012
----------------
