Log of time -p ./multiple.py 
Sun Nov  4 08:09:17 2012

1 [1, 2, 3, 4, 5, 6, 7, 8]
2 [1, 2, 3, 4, 5, 6, 7, 8]
3 [1, 2, 3, 4, 5, 6, 7, 8]
4 [1, 2, 3, 4, 5, 6, 7, 8]
5 [1, 2, 3, 4, 5, 6, 7, 8]
6 [1, 2, 3, 4, 5, 6, 7, 8]
7 [1, 2, 3, 4, 5, 6, 7, 8]
8 [1, 2, 3, 4, 5, 6, 7, 8]

rvms total avg pwnd vwnd totalvms
migrate 1 1 0 1 64 0
controller 64 18000330 18000330 1 1 1
migrate 2 2 0 2 63 0
migrate 2 2 1 1 62 0
controller 64 58000275 14500068 2 2 4
controller 64 68000385 34000192 2 1 2
finish 19.1864440441 19.8701319695
migrate 3 2 0 3 61 0
migrate 3 2 1 2 60 0
migrate 3 2 2 1 59 0
controller 63 59024385 9837397 3 2 6
controller 63 59000385 19666795 3 1 3
controller 63 71000330 8875041 4 2 8
controller 63 66000385 16500096 4 1 4
finish 40.7608389854 47.6758050919
migrate 5 2 0 4 58 0
controller 62 66000385 6600038 5 2 10
finish 44.1278409958 51.0624270439
finish 35.0805270672 54.9673080444
controller 60 42837275 8567455 5 1 5
migrate 6 2 1 3 57 0
migrate 6 2 2 2 56 0
migrate 6 2 3 1 55 0
migrate 6 2 4 1 54 0
migrate 6 2 5 1 53 0
migrate 6 2 0 5 52 0
controller 60 73234110 6102842 6 2 12
controller 60 71524055 11920675 6 1 6
controller 60 90693110 6478079 7 2 14
finish 58.5842189789 78.4902570248
controller 59 86281055 12325865 7 1 7
migrate 8 2 1 4 51 0
finish 67.4375998974 87.3631379604
migrate 8 2 2 3 50 0
migrate 8 2 3 2 49 0
migrate 8 2 4 2 48 0
migrate 8 2 5 2 47 0
migrate 8 2 6 1 46 0
migrate 8 2 7 1 45 0
controller 59 86067873 5379242 8 2 16
controller 58 97762000 12220250 8 1 8
finish 50.8284440041 98.5388309956
migrate 8 2 0 6 44 0
controller 57 97119000 6069937 8 2 16
controller 57 94032000 11754000 8 1 8
controller 57 101028000 6314250 8 2 16
controller 57 100906000 12613250 8 1 8
controller 57 99014000 6188375 8 2 16
finish 70.4715468884 127.769850016
finish 49.7013449669 132.194267035
finish 75.0333459377 132.379656076
finish 76.5368709564 133.813358068
controller 55 86320000 10790000 8 1 8
migrate 8 2 1 5 43 0
migrate 8 2 2 4 42 0
migrate 8 2 3 3 41 0
controller 53 94957000 5934812 8 2 16
finish 84.6781728268 142.000155926
controller 52 100895000 12611875 8 1 8
migrate 8 2 4 3 40 0
migrate 8 2 5 3 39 0
migrate 8 2 6 2 38 0
migrate 8 2 7 2 37 0
finish 90.7391269207 147.994467974
finish 90.8809080124 148.250563145
migrate 8 2 0 7 36 0
migrate 8 2 1 6 35 0
finish 63.0696351528 150.547423124
controller 49 101248000 6328000 8 2 16
controller 49 95800000 11975000 8 1 8
finish 73.8477950096 161.261729956
migrate 8 2 2 5 34 0
finish 74.7042000294 162.204127073
controller 47 100106000 6256625 8 2 16
controller 47 102405000 12800625 8 1 8
finish 90.4048440456 177.838557005
migrate 8 2 3 4 33 0
controller 47 104928000 6558000 8 2 16
finish 91.1648788452 178.619004965
finish 81.3669650555 179.945651054
finish 93.7228770256 181.245707035
controller 43 92848000 11606000 8 1 8
migrate 8 2 4 4 32 0
migrate 8 2 5 4 31 0
migrate 8 2 6 3 30 0
migrate 8 2 7 3 29 0
migrate 8 2 0 8 28 1
controller 43 92012000 5750750 8 2 16
controller 43 104114000 13014250 8 1 8
controller 43 102068000 6379250 8 2 16
finish 61.8568542004 208.442155123
controller 42 104974000 13121750 8 1 8
finish 80.9075551033 214.905565023
migrate 8 2 1 7 27 1
controller 42 104537000 6533562 8 2 16
finish 69.5436019897 217.864768028
finish 58.9322988987 220.267874956
finish 74.8955779076 221.437983036
controller 39 99941000 12492625 8 1 8
migrate 8 2 2 6 26 1
finish 90.0427799225 224.067188978
controller 36 73043000 4565187 8 2 16
finish 82.2973680496 230.640279055
controller 36 85607000 10700875 8 1 8
controller 35 90783000 5673937 8 2 16
finish 107.265179873 241.316226959
finish 58.178994894 242.662945032
finish 97.4695971012 244.0813241
controller 33 70381000 8797625 8 1 8
migrate 8 2 3 5 25 1
migrate 8 2 4 5 24 1
migrate 8 2 5 5 23 1
migrate 8 2 6 4 22 1
migrate 8 2 7 4 21 1
migrate 8 2 1 8 20 2
migrate 8 2 2 7 19 2
finish 67.7762298584 252.237572908
finish 68.9400570393 253.489202023
controller 33 94743000 5921437 8 2 16
controller 30 94000068 11750008 8 1 8
finish 83.3175740242 261.234627008
migrate 8 2 3 6 18 2
migrate 8 2 4 6 17 2
finish 117.192361116 263.756251097
migrate 8 2 5 6 16 2
controller 30 96446055 6027878 8 2 16
controller 29 91702110 11462763 8 1 8
finish 94.1211719513 278.629179955
migrate 8 2 6 5 15 2
controller 28 99849000 6240562 8 2 16
finish 96.7548260689 281.283576012
controller 27 96830055 12103756 8 1 8
migrate 8 2 7 5 14 2
controller 27 92199055 5762440 8 2 16
controller 27 83477110 10434638 8 1 8
finish 81.5512759686 303.769501925
migrate 8 2 2 8 13 3
controller 27 103000055 6437503 8 2 16
finish 60.6062700748 308.08979702
controller 25 97843055 12230381 8 1 8
finish 68.2898490429 315.870748997
controller 25 86964110 5435256 8 2 16
finish 74.3469200134 321.949800014
controller 24 91530055 11441256 8 1 8
finish 77.0609388351 324.524338961
finish 109.566958904 324.531378984
migrate 8 2 3 7 12 3
migrate 8 2 4 7 11 3
finish 66.5018749237 327.833760023
controller 21 85841055 5365065 8 2 16
finish 84.4023342133 331.911270142
finish 69.7032120228 333.574907064
migrate 8 1 5 7 10 3
controller 19 87473220 10934152 8 1 8
finish 92.6826841831 340.24429512
controller 17 75636110 4727256 8 2 16
finish 58.7338321209 344.005226135
finish 100.127872944 347.66078496
controller 16 74778110 9347263 8 1 8
migrate 8 2 6 6 9 3
migrate 8 2 7 6 8 3
finish 92.3872959614 353.696954966
migrate 8 2 3 8 7 4
migrate 8 2 4 8 6 5
migrate 8 2 5 8 5 6
controller 15 81803165 5112697 8 2 16
finish 77.0399839878 355.694801092
controller 13 74986055 9373256 8 1 8
migrate 8 2 6 7 4 6
migrate 8 2 7 7 3 6
controller 13 79764110 4985256 8 2 16
controller 13 94047110 11755888 8 1 8
finish 72.106194973 375.886111021
controller 12 86175220 5385951 8 2 16
finish 51.8253901005 385.507004023
controller 12 87000110 10875013 8 1 8
finish 66.2698819637 390.838246107
controller 11 85000165 5312510 8 2 16
finish 37.3396611214 398.278412104
controller 10 78000275 9750034 8 1 8
finish 77.3557720184 401.902550936
controller 9 74000220 4625013 8 2 16
finish 56.7465569973 405.046533108
finish 55.4934561253 409.299965143
finish 57.4340491295 411.221255064
controller 7 53616165 6702020 8 1 8
migrate 8 2 6 8 2 7
migrate 8 2 7 8 1 8
finish 60.9231071472 414.690869093
controller 4 59778330 3736145 8 2 16
finish 71.103883028 419.422894001
controller 3 57000330 7125041 8 1 8
finish 66.1320278645 427.049427986
controller 3 53000385 3312524 8 2 16
finish 22.1542079449 433.457279921
controller 2 37000330 4625041 8 1 8
finish 30.3331298828 441.617105007
controller 1 31000550 1937534 8 2 16
real 443.43
user 33.22
sys 68.09

Sun Nov  4 08:16:41 2012
----------------
