Log of time -p ./multiple.py 
Sun Nov  4 08:22:09 2012

1 [1, 2, 3, 4, 5, 6, 7, 8]
2 [1, 2, 3, 4, 5, 6, 7, 8]
3 [1, 2, 3, 4, 5, 6, 7, 8]
4 [1, 2, 3, 4, 5, 6, 7, 8]
5 [1, 2, 3, 4, 5, 6, 7, 8]
6 [1, 2, 3, 4, 5, 6, 7, 8]
7 [1, 2, 3, 4, 5, 6, 7, 8]
8 [1, 2, 3, 4, 5, 6, 7, 8]

rvms total avg pwnd vwnd totalvms
migrate 1 1 0 1 64 0
controller 64 23000476 23000476 1 1 1
migrate 2 2 0 2 63 0
migrate 2 2 1 1 62 0
controller 64 43000330 10750082 2 2 4
controller 64 51000330 25500165 2 1 2
controller 64 52000440 8666740 3 2 6
finish 23.1998980045 33.3546581268
controller 64 51000424 17000141 3 1 3
finish 36.4339289665 39.8620359898
migrate 4 2 0 3 61 0
migrate 4 2 1 2 60 0
migrate 4 2 2 1 59 0
migrate 4 2 3 1 58 0
controller 63 44003283 5500410 4 2 8
controller 62 89000275 22250068 4 1 4
finish 39.5907900333 49.7203509808
migrate 5 2 0 4 57 0
migrate 5 2 1 3 56 0
migrate 5 2 2 2 55 0
migrate 5 2 3 2 54 0
migrate 5 2 4 1 53 0
controller 61 94999220 9499922 5 2 10
controller 61 107000165 21400033 5 1 5
controller 61 112000582 9333381 6 2 12
finish 31.6386978626 71.6277289391
controller 61 112000330 18666721 6 1 6
finish 39.577466011 79.545773983
controller 60 113000110 8071436 7 2 14
finish 41.3279430866 81.2541401386
finish 31.7207000256 81.5926361084
finish 44.7960619926 84.7428510189
controller 57 75382165 10768880 7 1 7
migrate 8 2 0 5 52 0
migrate 8 2 1 4 51 0
migrate 8 2 2 3 50 0
migrate 8 2 3 3 49 0
migrate 8 2 4 2 48 0
migrate 8 2 5 1 47 0
migrate 8 2 6 1 46 0
migrate 8 2 7 1 45 0
finish 38.9510278702 88.7980489731
controller 56 102880000 6430000 8 2 16
controller 55 113409000 14176125 8 1 8
finish 54.601375103 104.389430046
migrate 8 2 0 6 44 0
controller 55 117739000 7358687 8 2 16
finish 57.0493609905 106.856347084
controller 53 112521000 14065125 8 1 8
migrate 8 2 1 5 43 0
controller 53 115958000 7247375 8 2 16
finish 69.1693658829 118.996212006
controller 52 113210000 14151250 8 1 8
migrate 8 2 2 4 42 0
migrate 8 2 3 4 41 0
migrate 8 2 4 3 40 0
migrate 8 2 5 2 39 0
migrate 8 2 6 2 38 0
migrate 8 2 7 2 37 0
finish 41.1605939865 128.032341003
controller 51 111307000 6956687 8 2 16
finish 44.7938270569 131.708343029
finish 46.3226108551 133.173398972
controller 49 104955000 13119375 8 1 8
finish 52.5400538445 139.477777004
controller 48 115739000 7233687 8 2 16
finish 60.1198670864 147.101137161
finish 61.3169670105 148.138195038
controller 47 111946000 13993250 8 1 8
migrate 8 2 0 7 36 0
migrate 8 2 1 6 35 0
migrate 8 2 2 5 34 0
finish 63.4565289021 150.416790009
finish 49.7513458729 154.169399023
controller 44 108764000 6797750 8 2 16
finish 35.0304698944 159.607146978
controller 44 107156000 13394500 8 1 8
controller 43 117365000 7335312 8 2 16
finish 86.350454092 173.243283033
finish 61.7036561966 173.714372158
controller 41 105598000 13199750 8 1 8
migrate 8 2 3 5 33 0
migrate 8 2 4 4 32 0
migrate 8 2 5 3 31 0
migrate 8 2 6 3 30 0
migrate 8 2 7 3 29 0
migrate 8 2 0 8 28 1
migrate 8 2 1 7 27 1
migrate 8 2 2 6 26 1
finish 54.9108409882 179.553759098
controller 41 112808000 7050500 8 2 16
finish 61.9311220646 186.604802132
controller 39 115000000 14375000 8 1 8
finish 64.0325670242 188.628262043
migrate 8 2 3 6 25 1
controller 38 113107000 7069187 8 2 16
finish 73.6998050213 198.396820068
controller 37 108701000 13587625 8 1 8
finish 54.4587860107 204.784233093
controller 36 109393000 6837062 8 2 16
finish 57.5174040794 207.797865152
finish 88.9405961037 213.560487032
controller 35 104004000 13000500 8 1 8
migrate 8 2 4 5 24 1
migrate 8 2 5 4 23 1
migrate 8 2 6 4 22 1
migrate 8 2 7 4 21 1
controller 34 113328000 7083000 8 2 16
finish 74.6139128208 224.916697979
controller 34 117040000 14630000 8 1 8
migrate 8 2 1 8 20 2
migrate 8 2 2 7 19 2
finish 51.8151960373 227.500666142
finish 38.8025341034 227.537124157
migrate 8 2 3 7 18 2
finish 55.0831620693 230.632393122
controller 31 111848000 6990500 8 2 16
controller 30 112875000 14109375 8 1 8
finish 63.7551600933 239.414899111
controller 29 113762000 7110125 8 2 16
controller 29 104750000 13093750 8 1 8
finish 78.956403017 254.483210087
migrate 8 2 4 6 17 2
migrate 8 2 5 5 16 2
finish 80.0143220425 255.587159157
migrate 8 2 6 5 15 2
finish 80.2798120975 255.880581141
migrate 8 2 7 5 14 2
migrate 8 2 2 8 13 3
controller 28 90471000 5654437 8 2 16
finish 88.2725520134 263.776667118
controller 26 117994000 14749250 8 1 8
finish 88.7575211525 264.386942148
migrate 8 2 3 8 12 4
controller 24 105000218 6562513 8 2 16
finish 47.0840320587 273.651165009
controller 23 99703055 12462881 8 1 8
finish 68.3735060692 282.320160151
migrate 8 2 4 7 11 4
controller 23 113000178 7062511 8 2 16
finish 56.5424339771 284.139374971
controller 21 97150165 12143770 8 1 8
finish 78.298746109 292.298751116
finish 80.9054100513 294.874953985
migrate 8 2 5 6 10 4
migrate 8 2 6 6 9 4
controller 20 101799110 6362444 8 2 16
finish 85.0469479561 299.074414968
controller 19 94925165 11865645 8 1 8
migrate 8 2 7 6 8 4
finish 81.1000869274 307.694436073
controller 18 109000165 6812510 8 2 16
finish 46.7993719578 311.242886066
controller 16 111103055 13887881 8 1 8
finish 61.1379220486 317.152399063
finish 61.8916661739 317.884456158
finish 63.0189528465 318.625313997
finish 64.2793118954 318.866955042
migrate 8 2 4 8 7 5
controller 14 87613566 5475847 8 2 16
finish 68.5463988781 323.158098936
controller 11 81057178 10132147 8 1 8
migrate 8 2 5 7 6 5
migrate 8 2 6 7 5 5
migrate 8 2 7 7 4 5
finish 49.6421809196 331.979877949
controller 11 92000275 5750017 8 2 16
finish 33.996819973 336.260621071
controller 9 85000330 10625041 8 1 8
finish 46.589179039 341.558681011
controller 8 93000179 5812511 8 2 16
finish 53.3649241924 348.31301713
finish 30.1182870865 349.085278034
controller 7 58600275 7325034 8 1 8
migrate 8 2 5 8 3 6
migrate 8 2 6 8 2 7
migrate 8 2 7 8 1 8
controller 6 75000301 4687518 8 2 16
finish 32.6028399467 360.081454039
finish 35.1091561317 362.608761072
controller 5 64000495 8000061 8 1 8
finish 43.20773983 370.73070693
controller 4 75000275 4687517 8 2 16
controller 3 58000220 7250027 8 1 8
controller 3 59000774 3687548 8 2 16
finish 32.7173318863 385.388510942
finish 36.813929081 389.529545069
controller 2 35000505 4375063 8 1 8
finish 37.7996921539 390.492781162
real 391.06
user 28.64
sys 59.60

Sun Nov  4 08:28:40 2012
----------------
