Log of time -p ./multiple.py 
Sun Nov  4 08:31:53 2012

1 [1, 2, 3, 4, 5, 6, 7, 8]
2 [1, 2, 3, 4, 5, 6, 7, 8]
3 [1, 2, 3, 4, 5, 6, 7, 8]
4 [1, 2, 3, 4, 5, 6, 7, 8]
5 [1, 2, 3, 4, 5, 6, 7, 8]
6 [1, 2, 3, 4, 5, 6, 7, 8]
7 [1, 2, 3, 4, 5, 6, 7, 8]
8 [1, 2, 3, 4, 5, 6, 7, 8]

rvms total avg pwnd vwnd totalvms
migrate 1 1 0 1 64 0
controller 64 16000275 16000275 1 1 1
migrate 2 2 0 2 63 0
migrate 2 2 1 1 62 0
controller 64 43000385 10750096 2 2 4
controller 64 54000275 27000137 2 1 2
controller 64 58000440 9666740 3 2 6
finish 27.6741859913 31.5077960491
controller 64 50000330 16666776 3 1 3
migrate 4 2 0 3 61 0
migrate 4 2 1 2 60 0
migrate 4 2 2 1 59 0
migrate 4 2 3 1 58 0
finish 27.9958708286 38.0624659061
migrate 4 2 0 4 57 0
controller 63 71762220 8970277 4 2 8
controller 62 76000275 19000068 4 1 4
controller 62 76000165 7600016 5 2 10
finish 48.2686779499 58.3568148613
controller 61 77000275 15400055 5 1 5
migrate 6 2 1 3 56 0
migrate 6 2 2 2 55 0
migrate 6 2 3 2 54 0
migrate 6 2 4 1 53 0
migrate 6 2 5 1 52 0
controller 61 80318249 6693187 6 2 12
controller 61 96269304 16044884 6 1 6
finish 38.660326004 74.4045770168
finish 42.1332609653 77.9238810539
controller 60 92510165 6607868 7 2 14
finish 43.9390981197 82.0218670368
controller 58 70580110 10082872 7 1 7
migrate 8 2 0 5 51 0
migrate 8 2 1 4 50 0
finish 56.5479810238 92.3166499138
migrate 8 2 2 3 49 0
migrate 8 2 3 3 48 0
migrate 8 2 4 2 47 0
migrate 8 2 5 2 46 0
migrate 8 2 6 1 45 0
migrate 8 2 7 1 44 0
controller 58 81228110 5076756 8 2 16
finish 34.5953960419 95.5905179977
controller 56 91288000 11411000 8 1 8
finish 67.6508200169 103.376791954
migrate 8 2 0 6 43 0
migrate 8 2 1 5 42 0
controller 55 97811000 6113187 8 2 16
controller 55 86624000 10828000 8 1 8
controller 55 100827000 6301687 8 2 16
controller 55 99189000 12398625 8 1 8
controller 55 103644000 6477750 8 2 16
controller 55 90620000 11327500 8 1 8
finish 83.5097019672 144.528038025
migrate 8 2 2 4 41 0
controller 55 104856000 6553500 8 2 16
finish 86.7095019817 147.796395063
controller 53 96892000 12111500 8 1 8
finish 90.3208138943 151.362876892
migrate 8 2 3 4 40 0
controller 52 93704000 5856500 8 2 16
finish 76.6462521553 162.864953041
controller 52 88243000 11030375 8 1 8
finish 103.391407013 164.455069065
migrate 8 2 4 3 39 0
migrate 8 2 5 3 38 0
migrate 8 2 6 2 37 0
migrate 8 2 7 2 36 0
migrate 8 2 0 7 35 0
finish 61.3839609623 164.794622898
controller 48 94596000 5912250 8 2 16
finish 77.779250145 170.249093056
finish 81.6742031574 174.099045038
controller 47 91228000 11403500 8 1 8
finish 73.9086618423 177.341096878
migrate 8 2 1 6 34 0
finish 88.8522310257 181.213316917
migrate 8 2 2 5 33 0
finish 95.7021489143 181.946440935
controller 46 90851000 5678187 8 2 16
finish 96.4469330311 188.827404022
controller 43 80984000 10123000 8 1 8
migrate 8 2 3 5 32 0
finish 97.9501671791 190.396830082
finish 101.020437956 193.420842886
migrate 8 2 4 4 31 0
migrate 8 2 5 4 30 0
migrate 8 2 6 3 29 0
migrate 8 2 7 3 28 0
migrate 8 2 0 8 27 1
migrate 8 2 1 7 26 1
controller 41 91482000 5717625 8 2 16
controller 41 84517000 10564625 8 1 8
controller 41 108235000 6764687 8 2 16
finish 69.4079918861 214.015940905
controller 40 106856000 13357000 8 1 8
migrate 8 2 2 6 25 1
controller 40 96617000 6038562 8 2 16
controller 39 90625000 11328125 8 1 8
finish 76.7410230637 228.206218004
migrate 8 2 3 6 24 1
controller 38 107000000 6687500 8 2 16
finish 57.6782441139 235.08296299
finish 73.7765831947 238.435908079
controller 37 101109000 12638625 8 1 8
finish 80.4427549839 245.057576895
finish 80.545042038 245.135905027
controller 36 92864000 5804000 8 2 16
controller 34 91951000 11493875 8 1 8
finish 74.5580477715 255.819558859
controller 34 77281000 4830062 8 2 16
finish 96.1125891209 260.67592001
finish 69.1735520363 262.803344011
controller 32 81011000 10126375 8 1 8
migrate 8 2 4 5 23 1
migrate 8 2 5 5 22 1
migrate 8 2 6 4 21 1
finish 107.576617956 272.214658022
migrate 8 2 7 4 20 1
migrate 8 2 1 8 19 2
migrate 8 2 2 7 18 2
controller 31 91770055 5735628 8 2 16
finish 80.9117028713 274.500592947
finish 83.7722830772 277.321099043
controller 28 89044000 11130500 8 1 8
finish 86.6623609066 280.270974874
finish 91.4702820778 285.039102077
controller 27 78038000 4877375 8 2 16
finish 96.8456668854 286.399627924
controller 26 79439055 9929881 8 1 8
migrate 8 2 3 7 17 2
finish 103.225644827 296.754643917
migrate 8 2 4 6 16 2
migrate 8 2 5 6 15 2
migrate 8 2 6 5 14 2
migrate 8 2 7 5 13 2
controller 25 79892055 4993253 8 2 16
controller 24 88032000 11004000 8 1 8
finish 77.9477038383 306.185407877
finish 91.2127950191 306.478192091
migrate 8 2 2 8 12 3
migrate 8 2 3 8 11 4
controller 23 92435055 5777190 8 2 16
controller 23 97086055 12135756 8 1 8
controller 23 93364249 5835265 8 2 16
controller 23 107057055 13382131 8 1 8
controller 22 99276055 6204753 8 2 16
finish 69.4792020321 335.670948029
controller 22 92773110 11596638 8 1 8
migrate 8 2 4 7 10 4
finish 69.9958159924 342.292798042
finish 74.6600198746 346.976614952
controller 21 81446055 5090378 8 2 16
finish 83.2533290386 349.484857082
finish 61.1453638077 352.568271875
finish 57.0603101254 353.893507004
controller 18 82333110 10291638 8 1 8
finish 89.5691030025 355.780354977
migrate 8 2 5 7 9 4
migrate 8 2 6 6 8 4
migrate 8 2 7 6 7 4
finish 84.4984779358 356.83481288
controller 15 83036220 5189763 8 2 16
controller 15 98315055 12289381 8 1 8
finish 71.0401630402 367.853246927
finish 63.6399149895 370.215751886
finish 76.0060892105 372.799472094
controller 12 81075110 5067194 8 2 16
finish 69.1389811039 375.735166073
finish 81.4786529541 378.252321005
controller 11 62645220 7830652 8 1 8
migrate 8 2 4 8 6 5
migrate 8 2 5 8 5 6
migrate 8 2 6 7 4 6
migrate 8 2 7 7 3 6
controller 10 72000498 4500031 8 2 16
finish 50.0719330311 392.009931087
controller 10 65000165 8125020 8 1 8
finish 40.2266631126 396.061866999
migrate 8 2 6 8 2 7
controller 8 66571220 4160701 8 2 16
controller 8 66921385 8365173 8 1 8
controller 8 79000275 4937517 8 2 16
finish 56.3673980236 412.221976995
controller 7 66913220 8364152 8 1 8
migrate 8 2 7 8 1 8
finish 64.2248408794 420.04054594
controller 6 74000385 4625024 8 2 16
finish 49.0602669716 428.812450886
controller 6 70155275 8769409 8 1 8
finish 56.3957288265 436.173441887
controller 5 67000220 4187513 8 2 16
finish 59.4568710327 439.189143896
finish 44.315308094 440.432667971
finish 60.6870880127 440.48577404
controller 2 38799385 4849923 8 1 8
finish 27.6521141529 445.150834084
controller 1 8825761 551610 8 2 16
real 449.63
user 33.38
sys 67.45

Sun Nov  4 08:39:23 2012
----------------
