Log of time -p ./multiple.py 
Sun Nov  4 08:43:07 2012

1 [1, 2, 3, 4, 5, 6, 7, 8]
2 [1, 2, 3, 4, 5, 6, 7, 8]
3 [1, 2, 3, 4, 5, 6, 7, 8]
4 [1, 2, 3, 4, 5, 6, 7, 8]
5 [1, 2, 3, 4, 5, 6, 7, 8]
6 [1, 2, 3, 4, 5, 6, 7, 8]
7 [1, 2, 3, 4, 5, 6, 7, 8]
8 [1, 2, 3, 4, 5, 6, 7, 8]

rvms total avg pwnd vwnd totalvms
migrate 1 1 0 1 64 0
controller 64 20000256 20000256 1 1 1
migrate 2 2 0 2 63 0
migrate 2 2 1 1 62 0
controller 64 40264330 10066082 2 2 4
controller 64 52000495 26000247 2 1 2
finish 24.0249359608 27.5545320511
migrate 3 2 0 3 61 0
migrate 3 2 1 2 60 0
migrate 3 2 2 1 59 0
controller 64 64000447 10666741 3 2 6
controller 63 88000495 29333498 3 1 3
controller 63 95000234 11875029 4 2 8
finish 19.7014870644 47.3734879494
controller 63 98000341 24500085 4 1 4
migrate 5 2 0 4 58 0
finish 22.2739150524 49.9885900021
finish 42.3457868099 52.1305139065
migrate 5 2 1 3 57 0
migrate 5 2 2 2 56 0
migrate 5 2 3 1 55 0
migrate 5 2 4 1 54 0
finish 43.7706818581 53.5316679478
migrate 5 2 0 5 53 0
controller 61 61002454 6100245 5 2 10
controller 59 96798165 19359633 5 1 5
controller 59 103165304 8597108 6 2 12
controller 59 119000511 19833418 6 1 6
controller 59 111423055 7958789 7 2 14
finish 26.9280078411 80.5133059025
finish 33.0906980038 81.0872540474
finish 54.9006421566 82.5922410488
controller 56 81783165 11683309 7 1 7
migrate 8 2 1 4 52 0
migrate 8 2 2 3 51 0
migrate 8 2 3 2 50 0
migrate 8 2 4 2 49 0
migrate 8 2 5 1 48 0
migrate 8 2 6 1 47 0
migrate 8 2 7 1 46 0
migrate 8 2 0 6 45 0
finish 34.6688730717 86.9195239544
finish 37.0310621262 89.2188570499
migrate 8 2 1 5 44 0
finish 38.7865588665 90.995018959
migrate 8 2 2 4 43 0
controller 55 100862000 6303875 8 2 16
finish 46.431704998 98.6612160206
controller 53 117363000 14670375 8 1 8
migrate 8 2 3 3 42 0
migrate 8 2 4 3 41 0
migrate 8 2 5 2 40 0
migrate 8 2 6 2 39 0
migrate 8 2 7 2 38 0
migrate 8 2 0 7 37 0
controller 52 117313000 7332062 8 2 16
controller 52 117000000 14625000 8 1 8
controller 52 117431000 7339437 8 2 16
controller 52 115000000 14375000 8 1 8
finish 45.4250628948 131.337735891
migrate 8 2 1 6 36 0
controller 52 121598000 7599875 8 2 16
controller 51 118000000 14750000 8 1 8
controller 51 113000000 7062500 8 2 16
controller 51 117434000 14679250 8 1 8
finish 67.0284519196 153.025023937
controller 49 108439000 6777437 8 2 16
finish 69.8390347958 159.161614895
finish 73.3110699654 159.245888948
finish 73.7184000015 159.76109004
controller 48 104347000 13043375 8 1 8
migrate 8 2 2 5 35 0
finish 73.3165669441 164.33632803
finish 81.3426239491 167.300260067
migrate 8 2 3 4 34 0
finish 81.9722721577 168.038222075
controller 45 105646000 6602875 8 2 16
finish 71.0892891884 170.056420088
finish 85.0724849701 171.090558052
finish 73.3865549564 172.332726002
finish 75.2464859486 174.234931946
controller 40 93892000 11736500 8 1 8
migrate 8 2 4 4 33 0
migrate 8 2 5 3 32 0
migrate 8 2 6 3 31 0
migrate 8 2 7 3 30 0
migrate 8 2 0 8 29 1
migrate 8 2 1 7 28 1
migrate 8 2 2 6 27 1
migrate 8 2 3 5 26 1
finish 91.3872449398 177.363560915
migrate 8 2 4 5 25 1
migrate 8 2 5 4 24 1
finish 79.0280809402 178.096966028
finish 82.3347120285 181.374897957
controller 38 105362000 6585125 8 2 16
finish 53.0395009518 184.495837927
finish 89.5988249779 188.610742092
controller 36 111494000 13936750 8 1 8
migrate 8 2 6 4 23 1
migrate 8 2 7 4 22 1
migrate 8 2 1 8 21 2
controller 35 116800000 7300000 8 2 16
controller 35 109884000 13735500 8 1 8
controller 35 116381000 7273812 8 2 16
controller 35 116074000 14509250 8 1 8
controller 35 115248000 7203000 8 2 16
finish 53.120511055 220.507601023
controller 34 107390000 13423750 8 1 8
controller 34 112827000 7051687 8 2 16
finish 57.0217869282 233.213069916
finish 58.6156899929 234.8507061
finish 59.272154808 236.733357906
controller 31 107222000 13402750 8 1 8
finish 53.3767230511 242.163664103
finish 66.0190238953 243.502202988
finish 68.5820109844 244.795641899
controller 30 104653218 6540826 8 2 16
finish 82.1385638714 245.735234976
finish 70.1405720711 246.497625113
finish 72.4088869095 248.722359896
finish 72.9997279644 249.258877039
controller 25 65721165 8215145 8 1 8
migrate 8 2 2 7 20 2
migrate 8 2 3 6 19 2
migrate 8 2 4 6 18 2
migrate 8 2 5 5 17 2
migrate 8 2 6 5 16 2
migrate 8 2 7 5 15 2
finish 75.7124168873 252.047561884
migrate 8 2 2 8 14 3
migrate 8 2 3 7 13 3
migrate 8 2 4 7 12 3
migrate 8 2 5 6 11 3
migrate 8 2 6 6 10 3
controller 23 94830000 5926875 8 2 16
finish 69.633275032 258.441005945
finish 70.5462369919 259.374531984
finish 86.3546340466 262.643306971
controller 21 100293000 12536625 8 1 8
migrate 8 2 7 6 9 3
controller 20 95718165 5982385 8 2 16
controller 20 104000110 13000013 8 1 8
controller 20 97867165 6116697 8 2 16
finish 36.9741139412 288.831886053
controller 20 111576165 13947020 8 1 8
migrate 8 2 3 8 8 4
controller 19 103000069 6437504 8 2 16
controller 19 91826178 11478272 8 1 8
controller 19 105000069 6562504 8 2 16
finish 62.0979161263 314.045160055
controller 19 106000055 13250006 8 1 8
finish 63.1643440723 315.002747059
finish 66.2348191738 318.394751072
finish 54.6434860229 319.084585905
controller 16 81064110 5066506 8 2 16
finish 71.081040144 323.174616098
finish 74.6991281509 326.619688034
controller 14 82256574 10282071 8 1 8
finish 76.188382864 328.37065196
finish 77.8762130737 329.754218102
migrate 8 2 4 8 7 5
migrate 8 2 5 7 6 5
migrate 8 2 6 7 5 5
migrate 8 2 7 7 4 5
finish 78.0036671162 330.117932081
finish 78.4492189884 330.587366104
controller 10 51305220 3206576 8 2 16
finish 48.9099400043 338.566891909
finish 87.5545930862 339.452466011
controller 8 88803220 11100402 8 1 8
migrate 8 2 5 8 3 6
migrate 8 2 6 8 2 7
migrate 8 2 7 8 1 8
controller 7 92466178 5779136 8 2 16
controller 7 96910275 12113784 8 1 8
controller 7 78604220 4912763 8 2 16
controller 7 82260385 10282548 8 1 8
finish 38.326898098 368.202608109
finish 39.7874147892 369.641609907
controller 7 80000179 5000011 8 2 16
finish 32.1924171448 372.380757093
finish 46.1954739094 376.028846025
controller 4 51000435 6375054 8 1 8
finish 39.7646770477 379.932677031
finish 52.5204849243 382.332525969
controller 2 53901718 3368857 8 2 16
finish 44.6735668182 384.884229898
real 384.91
user 28.03
sys 57.60

Sun Nov  4 08:49:32 2012
----------------
