Log of time -p ./multiple.py 
Sun Nov  4 06:00:55 2012

1 [1, 2, 3, 4, 5, 6, 7, 8]
2 [1, 2, 3, 4, 5, 6, 7, 8]
3 [1, 2, 3, 4, 5, 6, 7, 8]
4 [1, 2, 3, 4, 5, 6, 7, 8]
5 [1, 2, 3, 4, 5, 6, 7, 8]
6 [1, 2, 3, 4, 5, 6, 7, 8]
7 [1, 2, 3, 4, 5, 6, 7, 8]
8 [1, 2, 3, 4, 5, 6, 7, 8]

rvms total avg pwnd vwnd totalvms
migrate 1 1 0 1 64 0
controller 64 7903 7903 1 1 1
migrate 2 2 0 2 63 0
migrate 2 2 1 1 62 0
controller 64 3884427 971106 2 2 4
migrate 3 3 0 3 61 0
migrate 3 3 1 2 60 0
migrate 3 3 2 1 59 0
controller 64 22764097 2529344 3 3 9
migrate 4 4 0 4 58 0
migrate 4 4 1 3 57 0
migrate 4 4 2 2 56 0
migrate 4 4 3 1 55 0
controller 64 44117272 2757329 4 4 16
migrate 5 5 0 5 54 0
migrate 5 5 1 4 53 0
migrate 5 5 2 3 52 0
migrate 5 5 3 2 51 0
migrate 5 5 4 1 50 0
controller 64 51692165 2067686 5 5 25
controller 64 68172165 3408608 5 4 20
controller 64 61174124 2039137 6 5 30
controller 64 68600083 2858336 6 4 24
controller 64 68590014 1959714 7 5 35
controller 64 74036204 2644150 7 4 28
controller 64 27000000 675000 8 5 40
controller 64 71965165 2248911 8 4 32
finish 89.3480739594 93.8569710255
migrate 8 5 0 6 49 0
migrate 8 5 1 5 48 0
migrate 8 5 2 4 47 0
migrate 8 5 3 3 46 0
migrate 8 5 4 2 45 0
migrate 8 5 5 1 44 0
migrate 8 5 6 1 43 0
migrate 8 5 7 1 42 0
controller 64 72606124 1815153 8 5 40
controller 63 71405000 2231406 8 4 32
controller 63 69423000 1735575 8 5 40
controller 62 72568000 2267750 8 4 32
finish 108.219498158 118.984825134
migrate 8 5 0 7 41 0
controller 62 68368000 1709200 8 5 40
finish 101.477519989 131.230488062
controller 62 62436000 1951125 8 4 32
controller 61 62319000 1557975 8 5 40
finish 133.467214108 144.255300045
controller 60 56048000 1751500 8 4 32
migrate 8 5 1 6 40 0
migrate 8 5 2 5 39 0
migrate 8 5 3 4 38 0
migrate 8 5 4 3 37 0
migrate 8 5 5 2 36 0
migrate 8 5 6 2 35 0
migrate 8 5 7 2 34 0
finish 127.247083187 150.604200125
migrate 8 5 0 8 33 1
controller 59 68107000 1702675 8 5 40
controller 58 58259000 1820593 8 4 32
controller 58 62701000 1567525 8 5 40
finish 151.065663099 168.154019117
controller 58 66570000 2080312 8 4 32
migrate 8 5 1 7 32 1
controller 58 65946000 1648650 8 5 40
finish 160.828933001 184.25881505
controller 57 65690000 2052812 8 4 32
controller 55 68515000 1712875 8 5 40
finish 169.788432837 199.516263962
controller 54 68382000 2136937 8 4 32
controller 54 63723000 1593075 8 5 40
finish 186.929332018 210.311913967
finish 183.657344103 213.332811117
controller 53 63985000 1999531 8 4 32
finish 202.742982149 219.856140137
migrate 8 5 2 6 31 1
migrate 8 5 3 5 30 1
migrate 8 5 4 4 29 1
migrate 8 5 5 3 28 1
migrate 8 5 6 3 27 1
migrate 8 5 7 3 26 1
migrate 8 5 1 8 25 2
finish 191.265981913 220.970283985
migrate 8 5 2 7 24 2
migrate 8 5 3 6 23 2
migrate 8 5 4 5 22 2
migrate 8 5 5 4 21 2
migrate 8 5 6 4 20 2
migrate 8 5 7 4 19 2
controller 52 61706000 1542650 8 5 40
controller 50 72473000 2264781 8 4 32
controller 50 65029000 1625725 8 5 40
controller 50 68643000 2145093 8 4 32
finish 221.657424927 245.06497097
migrate 8 5 2 8 18 3
migrate 8 5 3 7 17 3
migrate 8 5 4 6 16 3
migrate 8 5 5 5 15 3
migrate 8 5 6 5 14 3
migrate 8 5 7 5 13 3
finish 231.962852001 249.019840956
controller 49 74505000 1862625 8 5 40
finish 222.568348169 252.213982105
controller 49 66744000 2085750 8 4 32
controller 49 64359000 1608975 8 5 40
controller 49 68316000 2134875 8 4 32
controller 49 70524000 1763100 8 5 40
controller 48 71865000 2245781 8 4 32
finish 203.083696842 296.97289896
controller 48 67071000 1676775 8 5 40
controller 48 71950000 2248437 8 4 32
controller 48 65652000 1641300 8 5 40
controller 48 70707000 2209593 8 4 32
controller 47 71475000 1786875 8 5 40
finish 239.233961105 333.097993135
finish 240.321187019 334.239526033
controller 44 68520000 2141250 8 4 32
finish 189.789580822 336.12716198
controller 42 71495000 1787375 8 5 40
finish 194.001671076 344.67951417
finish 251.728712082 345.756292105
finish 230.058269978 349.110782146
controller 40 65426000 2044562 8 4 32
finish 208.052115917 354.293205023
migrate 8 5 3 8 12 4
finish 260.538562059 354.484174013
controller 40 69325000 1733125 8 5 40
controller 39 65110055 2034689 8 4 32
controller 38 67189027 1679725 8 5 40
controller 36 63096055 1971751 8 4 32
finish 290.498920918 384.55510807
finish 240.888840914 387.059957027
controller 36 72814055 1820351 8 5 40
finish 296.351669073 390.324246168
finish 301.211771965 395.211688042
controller 35 65893055 2059157 8 4 32
migrate 8 5 4 7 11 4
migrate 8 5 5 6 10 4
migrate 8 5 6 6 9 4
migrate 8 5 7 6 8 4
finish 250.868601084 397.075646162
controller 35 72235055 1805876 8 5 40
controller 33 67738055 2116814 8 4 32
controller 31 61740014 1543500 8 5 40
finish 272.207146168 418.47776413
finish 245.3152349 419.693300962
controller 31 72945068 2279533 8 4 32
migrate 8 5 4 8 7 5
finish 206.237571955 427.3194561
controller 31 76915055 1922876 8 5 40
finish 289.850524187 436.157817125
controller 31 64175014 2005469 8 4 32
migrate 8 5 5 7 6 5
migrate 8 5 6 7 5 5
controller 31 62513055 1562826 8 5 40
finish 306.595597982 452.964169025
controller 30 66332014 2072875 8 4 32
migrate 8 5 7 7 4 5
finish 239.806686163 459.930652142
controller 29 70376055 1759401 8 5 40
controller 28 60437110 1888659 8 4 32
finish 250.87766099 470.902347088
migrate 8 5 5 8 3 6
controller 26 71545082 1788627 8 5 40
finish 253.988192081 475.20542717
finish 255.901134014 475.868855
finish 256.247661114 477.39705205
controller 21 68631055 2144720 8 4 32
finish 261.771904945 481.829118967
migrate 8 5 6 8 2 7
migrate 8 5 7 8 1 8
finish 241.165115833 486.435467005
controller 21 50519069 1262976 8 5 40
finish 268.595834017 489.711673975
controller 20 65587069 2049595 8 4 32
finish 252.939049959 498.062638998
finish 255.068714857 500.302551985
controller 20 56274055 1406851 8 5 40
finish 284.805073023 505.987796068
controller 19 71416082 2231752 8 4 32
finish 270.2293818 515.388880968
controller 18 72628069 1815701 8 5 40
finish 273.382429838 518.577770948
finish 300.650312901 520.739125967
controller 14 62872137 1964754 8 4 32
finish 305.332237959 525.272285938
finish 304.458393812 525.507601976
finish 132.411558151 528.750264168
finish 308.892515898 528.888174057
controller 12 67074083 1676852 8 5 40
finish 287.486641884 532.574465036
controller 11 67595110 2112347 8 4 32
finish 183.257203817 537.620805979
controller 10 57000357 1425008 8 5 40
finish 123.984031916 548.052953959
controller 9 52000179 1625005 8 4 32
controller 9 63386303 1584657 8 5 40
finish 164.711052179 561.077741146
controller 8 58788111 1837128 8 4 32
controller 7 58134165 1453354 8 5 40
finish 85.6821770668 567.585719109
finish 132.249557018 569.921411037
finish 176.174455166 572.445417166
finish 90.8628721237 572.790244102
finish 102.123889923 573.137495041
finish 177.02420187 573.328012943
controller 4 41966371 1311449 8 4 32
controller 2 22000289 785724 7 4 28
finish 127.605523109 581.403413057
controller 1 14000659 583360 6 4 24
finish 152.20371294 589.905606985
real 589.96
user 39.51
sys 98.26

Sun Nov  4 06:10:45 2012
----------------
