Log of time -p ./multiple.py 
Sat Nov  3 23:39:03 2012

1 [1, 2, 3, 4, 5, 6, 7, 8]
2 [1, 2, 3, 4, 5, 6, 7, 8]
3 [1, 2, 3, 4, 5, 6, 7, 8]
4 [1, 2, 3, 4, 5, 6, 7, 8]
5 [1, 2, 3, 4, 5, 6, 7, 8]
6 [1, 2, 3, 4, 5, 6, 7, 8]
7 [1, 2, 3, 4, 5, 6, 7, 8]
8 [1, 2, 3, 4, 5, 6, 7, 8]

rvms total avg pwnd vwnd totalvms
migrate 1 1 0 1 64 0
controller 64 1323 1323 1 1 1
migrate 2 2 0 2 63 0
migrate 2 2 1 1 62 0
controller 64 130763 32690 2 2 4
migrate 3 3 0 3 61 0
migrate 3 3 1 2 60 0
migrate 3 3 2 1 59 0
controller 64 10523709 1169301 3 3 9
migrate 4 4 0 4 58 0
migrate 4 4 1 3 57 0
migrate 4 4 2 2 56 0
migrate 4 4 3 1 55 0
controller 64 28156488 1759780 4 4 16
migrate 5 5 0 5 54 0
migrate 5 5 1 4 53 0
migrate 5 5 2 3 52 0
migrate 5 5 3 2 51 0
migrate 5 5 4 1 50 0
controller 64 38164198 1526567 5 5 25
controller 64 57837110 2891855 5 4 20
controller 64 59363165 1978772 6 5 30
controller 64 59403165 2475131 6 4 24
controller 64 51642110 1475488 7 5 35
controller 64 55339165 1976398 7 4 28
controller 64 50942110 1273552 8 5 40
controller 64 56682165 1771317 8 4 32
controller 64 58334165 1458354 8 5 40
controller 64 52001110 1625034 8 4 32
controller 64 55965165 1399129 8 5 40
controller 64 55328165 1729005 8 4 32
controller 64 56205110 1405127 8 5 40
controller 64 64535165 2016723 8 4 32
controller 64 59546110 1488652 8 5 40
finish 119.762432098 139.344815969
controller 64 62221165 1944411 8 4 32
controller 62 62190165 1554754 8 5 40
finish 122.5023911 148.819916964
finish 130.690728903 150.24314189
finish 124.353399992 150.64594388
finish 125.40529108 151.672801971
controller 59 59066165 1845817 8 4 32
migrate 8 5 0 6 49 0
migrate 8 5 1 5 48 0
migrate 8 5 2 4 47 0
migrate 8 5 3 3 46 0
migrate 8 5 4 2 45 0
migrate 8 5 5 1 44 0
migrate 8 5 6 1 43 0
migrate 8 5 7 1 42 0
finish 141.716790915 154.941939831
migrate 8 5 0 7 41 0
migrate 8 5 1 6 40 0
migrate 8 5 2 5 39 0
migrate 8 5 3 4 38 0
migrate 8 5 4 3 37 0
migrate 8 5 5 2 36 0
migrate 8 5 6 2 35 0
migrate 8 5 7 2 34 0
controller 58 52080342 1302008 8 5 40
finish 155.84875083 162.748608828
finish 145.787786961 165.282770872
controller 56 56813000 1775406 8 4 32
migrate 8 5 0 8 33 1
migrate 8 5 1 7 32 1
migrate 8 5 2 6 31 1
migrate 8 5 3 5 30 1
migrate 8 5 4 4 29 1
migrate 8 5 5 3 28 1
migrate 8 5 6 3 27 1
migrate 8 5 7 3 26 1
finish 155.330039024 168.580796957
migrate 8 5 1 8 25 2
migrate 8 5 2 7 24 2
migrate 8 5 3 6 23 2
migrate 8 5 4 5 22 2
migrate 8 5 5 4 21 2
migrate 8 5 6 4 20 2
migrate 8 5 7 4 19 2
controller 55 65811000 1645275 8 5 40
finish 164.113601923 177.390185833
controller 52 64767000 2023968 8 4 32
migrate 8 5 2 8 18 3
finish 159.35093689 185.727898836
controller 51 62603000 1565075 8 5 40
finish 173.793246031 193.318404913
controller 51 69292000 2165375 8 4 32
controller 51 69824000 1745600 8 5 40
controller 51 67567000 2111468 8 4 32
finish 205.317533016 212.192011833
controller 51 58021000 1450525 8 5 40
controller 50 65918000 2059937 8 4 32
controller 49 63744000 1593600 8 5 40
finish 208.351706982 234.699853897
finish 234.722465038 235.403611898
controller 49 62223000 1944468 8 4 32
migrate 8 5 3 7 17 3
migrate 8 5 4 6 16 3
migrate 8 5 5 5 15 3
migrate 8 5 6 5 14 3
migrate 8 5 7 5 13 3
controller 49 65305000 1632625 8 5 40
controller 49 63222000 1975687 8 4 32
controller 49 55534000 1388350 8 5 40
controller 49 67782000 2118187 8 4 32
controller 49 66358000 1658950 8 5 40
controller 49 68260000 2133125 8 4 32
controller 49 69585000 1739625 8 5 40
controller 49 72403000 2262593 8 4 32
controller 49 69562000 1739050 8 5 40
controller 49 69655000 2176718 8 4 32
controller 49 71029000 1775725 8 5 40
controller 49 67358000 2104937 8 4 32
controller 49 68282000 1707050 8 5 40
controller 49 65612000 2050375 8 4 32
controller 49 68080000 1702000 8 5 40
controller 49 67404000 2106375 8 4 32
controller 49 68661000 1716525 8 5 40
controller 49 64206000 2006437 8 4 32
controller 49 65490000 1637250 8 5 40
controller 49 65332000 2041625 8 4 32
controller 49 67458000 1686450 8 5 40
controller 48 66996000 2093625 8 4 32
controller 48 64179000 1604475 8 5 40
finish 252.879866838 406.943370819
controller 48 65588000 2049625 8 4 32
controller 47 68135000 1703375 8 5 40
finish 254.530237198 421.600131035
controller 46 70874000 2214812 8 4 32
finish 261.118811131 430.029320955
controller 44 69142000 1728550 8 5 40
finish 282.002261162 435.982326984
controller 42 67078000 2096187 8 4 32
finish 285.349564075 440.387012005
controller 41 66673000 1666825 8 5 40
finish 279.434674025 446.473778009
finish 281.74081111 449.011502028
finish 281.198414087 450.07457304
controller 39 68747000 2148343 8 4 32
finish 299.795673132 453.830503941
controller 37 63758000 1593950 8 5 40
finish 296.927137852 464.027285814
finish 312.431775093 466.357954979
controller 34 69185000 2162031 8 4 32
finish 298.257565022 467.03331399
migrate 8 5 3 8 12 4
migrate 8 5 4 7 11 4
migrate 8 5 5 6 10 4
migrate 8 5 6 6 9 4
migrate 8 5 7 6 8 4
finish 312.404325962 467.410617828
finish 312.356078148 467.427994013
finish 299.753948212 468.496860027
finish 302.12786293 470.937387943
migrate 8 5 4 8 7 5
controller 32 64696055 1617401 8 5 40
finish 321.466057777 476.567840815
finish 323.296579123 477.30627799
finish 324.20520401 478.295176983
finish 325.246990919 479.363611937
finish 324.320796967 479.555064917
controller 27 53333055 1666657 8 4 32
finish 311.723067999 480.433286905
finish 305.118441105 485.963016987
controller 26 62898055 1572451 8 5 40
finish 254.466525078 490.912247896
finish 338.192351103 493.327945948
controller 22 69111068 2159720 8 4 32
finish 326.894885063 494.061570883
finish 258.523629904 495.006631851
finish 340.763794899 495.933883905
migrate 8 5 5 7 6 5
migrate 8 5 6 7 5 5
migrate 8 5 7 7 4 5
finish 343.552881956 497.503628969
finish 330.899003029 498.102547884
migrate 8 5 5 8 3 6
controller 18 60064110 1501602 8 5 40
finish 346.539586067 501.743980885
finish 338.246501207 505.379034042
controller 14 58798275 1837446 8 4 32
migrate 8 5 6 8 2 7
migrate 8 5 7 8 1 8
finish 337.905771017 506.748690844
finish 270.421233892 506.942752838
finish 341.607292175 508.846441031
controller 13 46380165 1159504 8 5 40
finish 278.481941938 515.074745893
controller 12 51173220 1599163 8 4 32
finish 288.81943512 525.376415014
controller 12 61389165 1534729 8 5 40
controller 12 58866165 1839567 8 4 32
controller 12 64081275 1602031 8 5 40
controller 12 51515220 1609850 8 4 32
controller 12 43392165 1084804 8 5 40
controller 12 55834275 1744821 8 4 32
controller 12 58607220 1465180 8 5 40
controller 12 49426165 1544567 8 4 32
controller 12 57982220 1449555 8 5 40
controller 12 68728220 2147756 8 4 32
controller 12 62832110 1570802 8 5 40
finish 124.942363977 592.066277981
finish 125.082213879 592.22991991
controller 9 60442165 1888817 8 4 32
finish 124.475530863 595.511334896
finish 130.556895971 597.755734921
controller 8 56660493 1416512 8 5 40
finish 109.589058876 605.567004919
finish 110.395365953 606.396116972
controller 7 47288330 1477760 8 4 32
controller 6 37765220 944130 8 5 40
finish 119.344887018 615.299973011
finish 148.842391968 615.942375898
finish 149.330141068 616.502584934
finish 121.649664879 619.84343791
finish 113.563129187 619.849169016
controller 3 30989330 968416 8 4 32
finish 119.429201126 625.741266966
controller 1 14000550 350013 8 5 40
real 627.17
user 42.51
sys 107.14

Sat Nov  3 23:49:30 2012
----------------
