Log of time -p ./multiple.py 
Sun Nov  4 03:39:27 2012

1 [1, 2, 3, 4, 5, 6, 7, 8]
2 [1, 2, 3, 4, 5, 6, 7, 8]
3 [1, 2, 3, 4, 5, 6, 7, 8]
4 [1, 2, 3, 4, 5, 6, 7, 8]
5 [1, 2, 3, 4, 5, 6, 7, 8]
6 [1, 2, 3, 4, 5, 6, 7, 8]
7 [1, 2, 3, 4, 5, 6, 7, 8]
8 [1, 2, 3, 4, 5, 6, 7, 8]

rvms total avg pwnd vwnd totalvms
migrate 1 1 0 1 64 0
controller 64 7689480 7689480 1 1 1
migrate 2 2 0 2 63 0
migrate 2 2 1 1 62 0
controller 64 24051044 6012761 2 2 4
finish 52.0157310963 53.1963331699
controller 64 28669078 14334539 2 1 2
migrate 3 2 0 3 61 0
migrate 3 2 1 2 60 0
migrate 3 2 2 1 59 0
finish 51.4932398796 74.3722159863
migrate 3 2 0 4 58 0
controller 63 32537087 5422847 3 2 6
finish 85.0258979797 107.923325062
controller 62 45000051 15000017 3 1 3
migrate 4 2 1 3 57 0
migrate 4 2 2 2 56 0
migrate 4 2 3 1 55 0
finish 56.994866848 123.563631058
controller 61 46785056 5848132 4 2 8
finish 68.8817329407 135.408317089
finish 75.4783689976 149.96205616
migrate 4 1 0 5 54 0
controller 59 43163038 10790759 4 1 4
finish 97.4588701725 164.007021189
migrate 5 2 1 4 53 0
migrate 5 2 2 3 52 0
migrate 5 2 3 2 51 0
migrate 5 2 4 1 50 0
migrate 5 2 0 6 49 0
controller 58 33736042 3373604 5 2 10
finish 68.1707360744 177.794879198
controller 56 50876051 10175210 5 1 5
finish 90.115593195 199.719744205
migrate 6 2 1 5 48 0
migrate 6 2 2 4 47 0
controller 55 52883022 4406918 6 2 12
finish 119.900776863 229.544439077
finish 74.5831871033 238.7882061
controller 55 59115051 9852508 6 1 6
migrate 7 2 3 3 46 0
migrate 7 2 4 2 45 0
migrate 7 2 5 1 44 0
migrate 7 2 6 1 43 0
migrate 7 2 0 7 42 0
finish 77.4969320297 241.63706708
finish 77.9714241028 242.154260159
finish 81.0978879929 245.216819048
migrate 7 2 1 6 41 0
migrate 7 2 2 5 40 0
finish 96.093132019 260.25464201
migrate 7 2 3 4 39 0
migrate 7 2 4 3 38 0
migrate 7 2 5 2 37 0
migrate 7 2 6 2 36 0
controller 51 51489014 3677786 7 2 14
finish 113.289339066 263.321494102
controller 48 64007007 9143858 7 1 7
migrate 8 2 0 8 35 1
controller 48 60391014 3774438 8 2 16
finish 109.611353874 309.442064047
finish 118.638907909 318.491724014
controller 46 58861017 7357627 8 1 8
migrate 8 2 1 7 34 1
migrate 8 2 2 6 33 1
finish 103.303748131 342.446857214
controller 46 53794004 3362125 8 2 16
finish 112.039860964 351.107336044
finish 106.68114996 351.999253035
controller 43 62498017 7812252 8 1 8
migrate 8 2 3 5 32 1
finish 113.164084911 373.439928055
migrate 8 2 4 4 31 1
finish 137.669932842 376.774924994
migrate 8 2 5 3 30 1
finish 139.37508297 378.461724043
finish 122.718842983 383.039435148
migrate 8 2 6 3 29 1
migrate 8 2 7 1 28 1
migrate 8 2 1 8 27 2
finish 145.20548892 384.32843709
finish 127.232408047 387.52870822
controller 41 56531000 3533187 8 2 16
finish 146.763092041 392.100742102
controller 36 51343000 6417875 8 1 8
migrate 8 2 2 7 26 2
finish 161.086443901 421.342643023
migrate 8 2 3 6 25 2
migrate 8 2 4 5 24 2
migrate 8 2 5 4 23 2
migrate 8 2 6 4 22 2
migrate 8 2 7 2 21 2
finish 104.299098969 430.177906036
migrate 8 2 2 8 20 3
finish 148.10768795 430.881683111
controller 36 58116000 3632250 8 2 16
finish 121.157929182 447.009641171
controller 33 61373017 7671627 8 1 8
finish 96.5885231495 465.635222197
migrate 8 2 3 7 19 3
controller 32 52614021 3288376 8 2 16
finish 100.172558069 483.32044816
controller 31 56816028 7102003 8 1 8
finish 132.450214148 505.954423189
migrate 8 2 4 6 18 3
finish 130.851351023 514.021259069
controller 29 61792017 3862001 8 2 16
finish 100.963532925 522.456138134
finish 140.617600203 523.744159222
finish 147.24606204 524.125255108
migrate 8 1 5 5 17 3
finish 107.912121058 529.424648046
migrate 8 1 6 5 16 3
finish 110.678361893 532.131901026
controller 24 48672045 6084005 8 1 8
migrate 8 2 7 3 15 3
migrate 8 2 3 8 14 4
finish 131.039852142 543.718566179
finish 126.838291883 548.371268988
finish 124.376981974 554.579735041
finish 135.340224981 556.812988043
migrate 8 2 4 7 13 4
migrate 8 2 5 6 12 4
migrate 8 2 6 6 11 4
migrate 8 2 7 4 10 4
controller 21 52348031 3271751 8 2 16
finish 110.578355074 576.227827072
controller 19 56031038 7003879 8 1 8
finish 65.2070508003 594.71697402
finish 91.5895049572 597.633948088
migrate 8 2 4 8 9 5
controller 18 55252031 3453251 8 2 16
finish 104.228026152 628.402957201
controller 16 48712056 6089007 8 1 8
migrate 8 2 5 7 8 5
migrate 8 2 6 7 7 5
finish 80.2068760395 637.05155921
finish 95.1323049068 637.766376019
migrate 8 2 7 5 6 5
finish 82.3121960163 639.195595026
finish 100.656887054 643.311037064
controller 15 48906021 3056626 8 2 16
finish 95.1318740845 651.996213198
finish 99.6849210262 656.587884188
controller 9 36778065 4597258 8 1 8
migrate 8 2 5 8 5 6
migrate 8 2 6 8 4 7
migrate 8 2 7 6 3 7
finish 88.0952601433 685.774350166
controller 9 44655056 2790941 8 2 16
finish 78.7836251259 708.14065218
finish 80.4601728916 709.796848059
controller 8 41000069 5125008 8 1 8
finish 79.1111321449 716.998565197
migrate 8 2 7 7 2 7
controller 5 35000083 2187505 8 2 16
finish 66.5083677769 739.065551996
finish 69.2799971104 741.857605219
finish 78.1838669777 750.786344051
controller 3 20075083 2509385 8 1 8
migrate 8 2 7 8 1 8
finish 59.8967120647 776.961602211
controller 2 20000097 1250006 8 2 16
controller 1 16000114 2000014 8 1 8
finish 46.6116960049 804.866263151
real 804.92
user 37.90
sys 106.94

Sun Nov  4 03:52:51 2012
----------------
