Log of time -p ./multiple.py 
Sun Nov  4 06:15:14 2012

1 [1, 2, 3, 4, 5, 6, 7, 8]
2 [1, 2, 3, 4, 5, 6, 7, 8]
3 [1, 2, 3, 4, 5, 6, 7, 8]
4 [1, 2, 3, 4, 5, 6, 7, 8]
5 [1, 2, 3, 4, 5, 6, 7, 8]
6 [1, 2, 3, 4, 5, 6, 7, 8]
7 [1, 2, 3, 4, 5, 6, 7, 8]
8 [1, 2, 3, 4, 5, 6, 7, 8]

rvms total avg pwnd vwnd totalvms
migrate 1 1 0 1 64 0
controller 64 1666 1666 1 1 1
migrate 2 2 0 2 63 0
migrate 2 2 1 1 62 0
controller 64 95831 23957 2 2 4
migrate 3 3 0 3 61 0
migrate 3 3 1 2 60 0
migrate 3 3 2 1 59 0
controller 64 11706776 1300752 3 3 9
migrate 4 4 0 4 58 0
migrate 4 4 1 3 57 0
migrate 4 4 2 2 56 0
migrate 4 4 3 1 55 0
controller 64 32221473 2013842 4 4 16
migrate 5 5 0 5 54 0
migrate 5 5 1 4 53 0
migrate 5 5 2 3 52 0
migrate 5 5 3 2 51 0
migrate 5 5 4 1 50 0
controller 64 57300794 2292031 5 5 25
migrate 6 6 0 6 49 0
migrate 6 6 1 5 48 0
migrate 6 6 2 4 47 0
migrate 6 6 3 3 46 0
migrate 6 6 4 2 45 0
migrate 6 6 5 1 44 0
controller 64 59030124 1639725 6 6 36
controller 64 61741110 2058037 6 5 30
controller 64 66420110 1581431 7 6 42
controller 64 68799055 1965687 7 5 35
controller 64 70910110 1477293 8 6 48
controller 64 69391055 1734776 8 5 40
controller 64 67451110 1405231 8 6 48
controller 64 64191110 1604777 8 5 40
controller 64 65568110 1366002 8 6 48
controller 64 71689110 1792227 8 5 40
controller 64 57528110 1198502 8 6 48
controller 64 68015055 1700376 8 5 40
controller 63 70323110 1465064 8 6 48
controller 64 63411110 1585277 8 5 40
controller 63 66519055 1385813 8 6 48
finish 143.999932051 144.685361147
controller 62 67960110 1699002 8 5 40
migrate 8 6 0 7 43 0
migrate 8 6 1 6 42 0
migrate 8 6 2 5 41 0
migrate 8 6 3 4 40 0
migrate 8 6 4 3 39 0
migrate 8 6 5 2 38 0
migrate 8 6 6 1 37 0
migrate 8 6 7 1 36 0
controller 61 69335271 1444484 8 6 48
finish 151.307967901 157.73169899
finish 153.302020073 159.749437094
finish 140.962233067 159.91140008
migrate 8 5 0 8 35 1
controller 59 63921000 1598025 8 5 40
migrate 8 6 1 7 34 1
migrate 8 6 2 6 33 1
migrate 8 6 3 5 32 1
migrate 8 6 4 4 31 1
migrate 8 6 5 3 30 1
migrate 8 6 6 2 29 1
migrate 8 6 7 2 28 1
finish 131.730334997 166.342282057
finish 157.590780973 170.282757044
migrate 8 6 1 8 27 2
controller 58 58035000 1209062 8 6 48
controller 58 61850000 1546250 8 5 40
controller 58 62713000 1306520 8 6 48
controller 58 66395000 1659875 8 5 40
controller 58 69418000 1446208 8 6 48
controller 57 67386000 1684650 8 5 40
finish 187.499180079 206.499674082
migrate 8 6 2 7 26 2
migrate 8 6 3 6 25 2
migrate 8 6 4 5 24 2
migrate 8 6 5 4 23 2
migrate 8 6 6 3 22 2
migrate 8 6 7 3 21 2
controller 56 64126000 1335958 8 6 48
finish 199.521782875 218.546895027
controller 56 59229000 1480725 8 5 40
controller 55 49935000 1040312 8 6 48
controller 54 69982000 1749550 8 5 40
controller 53 62509000 1302270 8 6 48
finish 207.742825985 242.484143019
finish 230.439547777 243.154927969
controller 52 70573000 1764325 8 5 40
migrate 8 6 2 8 20 3
migrate 8 6 3 7 19 3
migrate 8 6 4 6 18 3
migrate 8 6 5 5 17 3
migrate 8 6 6 4 16 3
migrate 8 6 7 4 15 3
finish 216.213371992 250.880803108
controller 52 68465000 1426354 8 6 48
finish 244.226754904 256.897319078
controller 50 66424000 1660600 8 5 40
controller 49 60015000 1250312 8 6 48
controller 48 67962000 1699050 8 5 40
finish 250.631250858 276.079478979
migrate 8 6 3 8 14 4
migrate 8 6 4 7 13 4
migrate 8 6 5 6 12 4
migrate 8 6 6 5 11 4
migrate 8 6 7 5 10 4
finish 253.577081919 278.938122988
controller 47 67012000 1396083 8 6 48
finish 247.765789986 282.466025114
finish 248.600830078 283.240255117
finish 266.038726091 285.014959097
controller 47 68917000 1722925 8 5 40
controller 46 68601000 1429187 8 6 48
controller 45 67960000 1699000 8 5 40
controller 44 67816000 1412833 8 6 48
finish 289.575495958 314.965408087
controller 43 69483000 1737075 8 5 40
finish 294.02711916 319.444295168
finish 296.499284029 321.974961042
migrate 8 6 4 8 9 5
controller 43 68405000 1425104 8 6 48
finish 297.31300807 332.084189177
controller 43 64533000 1613325 8 5 40
migrate 8 6 5 7 8 5
migrate 8 6 6 6 7 5
migrate 8 6 7 6 6 5
controller 43 64548000 1344750 8 6 48
controller 43 65901000 1647525 8 5 40
controller 43 68846000 1434291 8 6 48
controller 43 55251000 1381275 8 5 40
controller 43 63969000 1827685 7 5 35
controller 43 65432000 1363166 8 6 48
controller 43 69668000 1741700 8 5 40
controller 43 67745000 1411354 8 6 48
controller 42 66326000 1658150 8 5 40
controller 42 68834000 1434041 8 6 48
controller 42 65555000 1638875 8 5 40
finish 268.837048054 419.11165309
controller 42 64861000 1351270 8 6 48
controller 41 65115000 1627875 8 5 40
controller 40 68436000 1425750 8 6 48
finish 277.324112177 441.148774147
controller 39 70482000 1762050 8 5 40
finish 286.225830793 450.107815981
controller 39 69108000 1439750 8 6 48
finish 302.295124054 452.661750078
controller 37 67112000 1677800 8 5 40
finish 310.445461988 460.906985998
finish 311.661365032 461.904445171
controller 36 62408000 1300166 8 6 48
finish 304.149981976 468.167217016
controller 34 66777000 1669425 8 5 40
controller 32 67477000 1405770 8 6 48
finish 323.316805124 483.255334139
finish 337.448016167 487.846629143
controller 30 61122000 1528050 8 5 40
migrate 8 6 5 8 5 6
finish 319.46469593 489.834247112
finish 326.767591 490.680137157
finish 342.177728891 492.487097979
finish 328.824865818 492.679147005
controller 28 63977247 1332859 8 6 48
finish 289.083298922 495.781424046
finish 220.472021818 496.614084005
controller 27 66739110 1668477 8 5 40
migrate 8 6 6 7 4 6
migrate 8 6 7 7 3 6
finish 353.031962156 503.37058115
controller 25 65991055 1374813 8 6 48
finish 265.868043184 513.228036165
finish 267.673403978 515.105889082
finish 364.86805582 515.297785997
migrate 8 5 6 8 2 7
controller 22 66865110 1671627 8 5 40
migrate 8 6 7 8 1 8
finish 270.258616924 517.547075033
finish 312.22721386 518.829679012
finish 355.601779938 519.585777998
controller 17 56177110 1170356 8 6 48
finish 246.516668797 522.760452986
finish 360.821556091 524.767537117
finish 248.749835968 524.959340096
finish 318.665710926 525.395405054
controller 16 57734110 1443352 8 5 40
finish 323.959033966 530.52989912
controller 15 61722165 1285878 8 6 48
finish 331.636427879 538.270025969
finish 292.024817944 539.422801018
finish 334.926043987 541.591678143
controller 12 54711165 1367779 8 5 40
finish 297.757702827 545.080621004
controller 11 68000326 1416673 8 6 48
finish 229.798792124 551.871411085
finish 220.716175079 553.470987082
controller 10 55104220 984003 8 7 56
finish 282.378837109 558.657342196
finish 311.940886974 559.409626961
controller 7 50907220 1060567 8 6 48
finish 289.467019796 565.642549992
finish 235.645955086 568.431665182
controller 6 43381220 774664 8 7 56
controller 5 36897663 768701 8 6 48
finish 243.108301163 575.92724514
controller 5 38265330 911079 7 6 42
controller 5 37290220 665896 8 7 56
finish 106.175462008 594.119827032
controller 5 38295275 797818 8 6 48
finish 79.0571289062 594.919373035
controller 3 23852495 425937 8 7 56
controller 3 31000495 645843 8 6 48
finish 92.6255819798 607.967585087
controller 2 14662330 261827 8 7 56
controller 2 15412495 321093 8 6 48
finish 119.808673859 621.936522007
finish 121.427339077 623.582061052
real 623.64
user 41.92
sys 106.93

Sun Nov  4 06:25:38 2012
----------------
