Log of time -p ./multiple.py 
Sun Nov  4 07:18:18 2012

1 [1, 2, 3, 4, 5, 6, 7, 8]
2 [1, 2, 3, 4, 5, 6, 7, 8]
3 [1, 2, 3, 4, 5, 6, 7, 8]
4 [1, 2, 3, 4, 5, 6, 7, 8]
5 [1, 2, 3, 4, 5, 6, 7, 8]
6 [1, 2, 3, 4, 5, 6, 7, 8]
7 [1, 2, 3, 4, 5, 6, 7, 8]
8 [1, 2, 3, 4, 5, 6, 7, 8]

rvms total avg pwnd vwnd totalvms
migrate 1 1 0 1 64 0
controller 64 33269 33269 1 1 1
migrate 2 2 0 2 63 0
migrate 2 2 1 1 62 0
controller 64 4769372 1192343 2 2 4
migrate 3 3 0 3 61 0
migrate 3 3 1 2 60 0
migrate 3 3 2 1 59 0
controller 64 23148424 2572047 3 3 9
migrate 4 4 0 4 58 0
migrate 4 4 1 3 57 0
migrate 4 4 2 2 56 0
migrate 4 4 3 1 55 0
controller 64 48955138 3059696 4 4 16
migrate 5 5 0 5 54 0
migrate 5 5 1 4 53 0
migrate 5 5 2 3 52 0
migrate 5 5 3 2 51 0
migrate 5 5 4 1 50 0
controller 64 57660312 2306412 5 5 25
controller 64 27000000 1350000 5 4 20
controller 64 68548083 4284255 4 4 16
controller 64 70355165 2814206 5 5 25
controller 64 75920149 3796007 5 4 20
controller 64 65493083 2183102 6 5 30
controller 64 57327124 2388630 6 4 24
controller 64 62419165 1783404 7 5 35
finish 68.7327299118 88.678538084
controller 63 61113053 2182609 7 4 28
migrate 8 5 0 6 49 0
migrate 8 5 1 5 48 0
migrate 8 5 2 4 47 0
migrate 8 5 3 3 46 0
migrate 8 5 4 2 45 0
migrate 8 5 5 1 44 0
migrate 8 5 6 1 43 0
migrate 8 5 7 1 42 0
controller 63 60103000 1502575 8 5 40
controller 61 55293000 1727906 8 4 32
finish 111.575253963 112.749289036
migrate 8 5 0 7 41 0
finish 105.530493021 112.940335989
controller 61 61257000 1531425 8 5 40
controller 61 69509000 2172156 8 4 32
controller 61 59086000 1477150 8 5 40
controller 61 73212000 2287875 8 4 32
controller 61 69586000 1739650 8 5 40
controller 61 68902000 2153187 8 4 32
finish 141.694887877 155.37597394
controller 60 70047000 1751175 8 5 40
finish 132.877518177 160.295667171
controller 59 71976000 2249250 8 4 32
controller 58 71707000 1792675 8 5 40
finish 146.675231934 174.118355036
finish 150.59732604 177.989694118
finish 165.639025927 179.360059023
controller 57 63467000 1983343 8 4 32
finish 174.271600962 181.701354027
migrate 8 5 1 6 40 0
migrate 8 5 2 5 39 0
migrate 8 5 3 4 38 0
migrate 8 5 4 3 37 0
migrate 8 5 5 2 36 0
migrate 8 5 6 2 35 0
migrate 8 5 7 2 34 0
migrate 8 5 0 8 33 1
controller 54 68249000 1706225 8 5 40
finish 176.455430984 190.156203032
controller 53 66654000 2082937 8 4 32
migrate 8 5 1 7 32 1
migrate 8 5 2 6 31 1
migrate 8 5 3 5 30 1
migrate 8 5 4 4 29 1
migrate 8 5 5 3 28 1
migrate 8 5 6 3 27 1
migrate 8 5 7 3 26 1
finish 176.879103899 196.845988989
migrate 8 5 1 8 25 2
migrate 8 5 2 7 24 2
migrate 8 5 3 6 23 2
migrate 8 5 4 5 22 2
migrate 8 5 5 4 21 2
migrate 8 5 6 4 20 2
migrate 8 5 7 4 19 2
controller 51 64062000 1601550 8 5 40
finish 176.909487009 204.271826982
finish 115.655130148 207.673457146
controller 51 50386000 1574562 8 4 32
controller 51 54751000 1955392 7 4 28
controller 51 63844000 1596100 8 5 40
controller 51 71140000 2223125 8 4 32
controller 51 68543000 1713575 8 5 40
controller 50 65838000 2057437 8 4 32
controller 48 35937000 898425 8 5 40
finish 231.429891825 258.766659975
controller 48 73502000 2296937 8 4 32
controller 48 70842000 1771050 8 5 40
finish 248.799705029 268.811397076
finish 249.621685028 269.610037088
controller 48 72258000 2258062 8 4 32
migrate 8 5 2 8 18 3
migrate 8 5 3 7 17 3
migrate 8 5 4 6 16 3
migrate 8 5 5 5 15 3
migrate 8 5 6 5 14 3
migrate 8 5 7 5 13 3
controller 47 66927000 1673175 8 5 40
finish 189.983389139 282.203483105
controller 46 54156000 1692375 8 4 32
finish 200.842403173 293.034515142
controller 45 64175000 1604375 8 5 40
controller 44 66804000 2087625 8 4 32
finish 211.890153885 304.023247004
finish 212.156189203 304.25567317
migrate 8 5 3 8 12 4
migrate 8 5 4 7 11 4
controller 43 66169000 1654225 8 5 40
finish 221.15052104 313.192965984
controller 42 73271000 2289718 8 4 32
controller 42 72276000 1806900 8 5 40
finish 234.50485301 326.669892073
controller 42 69398000 2168687 8 4 32
migrate 8 5 5 6 10 4
migrate 8 5 6 6 9 4
migrate 8 5 7 6 8 4
finish 244.180336952 336.250237942
controller 41 72616000 1815400 8 5 40
controller 41 65985000 2062031 8 4 32
controller 41 74000000 1850000 8 5 40
controller 41 69197000 2162406 8 4 32
controller 41 74895000 1872375 8 5 40
controller 41 73647000 2301468 8 4 32
controller 41 68114000 1702850 8 5 40
controller 40 69118000 2159937 8 4 32
controller 39 70352000 1758800 8 5 40
finish 202.760149956 399.734162092
controller 38 66640000 2082500 8 4 32
migrate 8 5 4 8 7 5
finish 222.602143049 404.339931011
finish 291.668015957 404.446686983
controller 38 69400000 1735000 8 5 40
finish 223.225605011 416.814258099
controller 37 68300000 2134375 8 4 32
controller 36 73094000 1827350 8 5 40
controller 35 70034000 2188562 8 4 32
finish 239.525364876 436.592597008
finish 242.112288952 439.022876024
controller 34 64220000 1605500 8 5 40
finish 259.145570993 441.059376955
finish 264.350422144 446.163412094
controller 31 70909055 2215907 8 4 32
controller 29 69209027 1730225 8 5 40
finish 256.741978168 453.62395215
finish 260.838248968 457.874742031
finish 276.20323801 458.065751076
finish 261.24868083 458.254014969
finish 277.925502062 459.687370062
finish 267.098356962 460.592617989
controller 27 65342055 2041939 8 4 32
migrate 8 5 5 7 6 5
migrate 8 5 6 7 5 5
migrate 8 5 7 7 4 5
controller 27 65333055 1633326 8 5 40
finish 287.713830948 469.601452112
controller 26 69982014 2186937 8 4 32
finish 287.695647001 481.219315052
controller 24 67030055 1675751 8 5 40
finish 292.97259593 486.592421055
controller 24 65840068 2057502 8 4 32
finish 292.860183954 489.803342104
finish 311.038380861 492.875926971
migrate 8 5 5 8 3 6
finish 311.182116985 492.969196081
migrate 8 5 6 8 2 7
migrate 8 5 7 8 1 8
controller 20 60050055 1501251 8 5 40
finish 304.850449085 498.285200119
finish 226.347434044 499.449692011
finish 227.559422016 500.790570974
controller 16 61357110 1917409 8 4 32
finish 314.343393803 507.806607962
controller 16 60710069 1517751 8 5 40
finish 316.814256907 510.371443033
controller 16 54285110 1696409 8 4 32
controller 16 57671164 1441779 8 5 40
controller 16 63692069 1990377 8 4 32
finish 259.818069935 532.983298063
finish 202.965631962 534.112481117
finish 261.110556126 534.307480097
controller 12 57735124 1443378 8 5 40
finish 76.196821928 537.238368988
finish 267.204210043 540.340022087
controller 10 48430069 1513439 8 4 32
finish 212.10939312 543.289075136
finish 242.321417093 546.656592131
finish 244.442089081 548.807973146
controller 8 41935069 1048376 8 5 40
finish 278.459007025 551.528048038
finish 149.391602993 553.27684617
controller 6 38380247 1199382 8 4 32
finish 225.840054989 557.056265116
controller 5 48433234 1210830 8 5 40
controller 5 30576289 637006 8 6 48
controller 5 33003262 825081 8 5 40
finish 117.722336054 578.795156002
controller 4 39939207 832066 8 6 48
controller 4 40802289 728612 8 7 56
finish 97.4627649784 590.429314137
finish 100.034013987 593.055876017
controller 3 27062248 563796 8 6 48
finish 137.946964979 598.953653097
controller 1 13833413 329366 7 6 42
controller 1 12000235 333339 6 6 36
finish 115.184567928 608.178754091
real 608.39
user 41.00
sys 98.86

Sun Nov  4 07:28:26 2012
----------------
