Log of time -p ./multiple.py 
Sun Nov  4 06:57:23 2012

1 [1, 2, 3, 4, 5, 6, 7, 8]
2 [1, 2, 3, 4, 5, 6, 7, 8]
3 [1, 2, 3, 4, 5, 6, 7, 8]
4 [1, 2, 3, 4, 5, 6, 7, 8]
5 [1, 2, 3, 4, 5, 6, 7, 8]
6 [1, 2, 3, 4, 5, 6, 7, 8]
7 [1, 2, 3, 4, 5, 6, 7, 8]
8 [1, 2, 3, 4, 5, 6, 7, 8]

rvms total avg pwnd vwnd totalvms
migrate 1 1 0 1 64 0
controller 64 1501 1501 1 1 1
migrate 2 2 0 2 63 0
migrate 2 2 1 1 62 0
controller 64 141831 35457 2 2 4
migrate 3 3 0 3 61 0
migrate 3 3 1 2 60 0
migrate 3 3 2 1 59 0
controller 62 11638944 1293216 3 3 9
migrate 4 4 0 4 58 0
migrate 4 4 1 3 57 0
migrate 4 4 2 2 56 0
migrate 4 4 3 1 55 0
controller 64 33920543 2120033 4 4 16
migrate 5 5 0 5 54 0
migrate 5 5 1 4 53 0
migrate 5 5 2 3 52 0
migrate 5 5 3 2 51 0
migrate 5 5 4 1 50 0
controller 64 47975501 1919020 5 5 25
controller 64 55472165 2773608 5 4 20
controller 64 61620165 2054005 6 5 30
controller 64 70456165 2935673 6 4 24
controller 64 68999165 1971404 7 5 35
controller 64 68751110 2455396 7 4 28
controller 64 70909165 1772729 8 5 40
controller 64 61893165 1934161 8 4 32
controller 64 60406165 1510154 8 5 40
controller 64 64701165 2021911 8 4 32
controller 64 68373110 1709327 8 5 40
controller 63 56519165 1766223 8 4 32
finish 86.2847988605 112.070254803
controller 63 62177110 1554427 8 5 40
controller 63 62594165 1956067 8 4 32
finish 123.222362041 123.902173996
migrate 8 5 0 6 49 0
migrate 8 5 1 5 48 0
migrate 8 5 2 4 47 0
migrate 8 5 3 3 46 0
migrate 8 5 4 2 45 0
migrate 8 5 5 1 44 0
migrate 8 5 6 1 43 0
migrate 8 5 7 1 42 0
controller 62 60592003 1514800 8 5 40
finish 111.990992069 131.404224873
controller 61 51393000 1606031 8 4 32
migrate 8 5 0 7 41 0
finish 118.507091045 137.967782974
controller 60 58218000 1455450 8 5 40
controller 60 64546000 2017062 8 4 32
controller 59 64926000 1623150 8 5 40
controller 57 56116000 1753625 8 4 32
finish 144.588523865 164.02647686
migrate 8 5 1 6 40 0
migrate 8 5 2 5 39 0
migrate 8 5 3 4 38 0
migrate 8 5 4 3 37 0
migrate 8 5 5 2 36 0
migrate 8 5 6 2 35 0
migrate 8 5 7 2 34 0
finish 157.576003075 164.500896931
migrate 8 5 0 8 33 1
finish 153.105416059 166.31466198
finish 144.452507973 170.192626953
controller 55 57837000 1445925 8 5 40
finish 152.902112007 172.384656906
controller 55 60534000 1891687 8 4 32
controller 54 55908000 1397700 8 5 40
controller 54 62933000 1966656 8 4 32
finish 177.519414902 190.770888805
controller 52 64316000 1607900 8 5 40
finish 195.79439187 202.741408825
controller 51 59595000 1862343 8 4 32
migrate 8 5 1 7 32 1
migrate 8 5 2 6 31 1
migrate 8 5 3 5 30 1
migrate 8 5 4 4 29 1
migrate 8 5 5 3 28 1
migrate 8 5 6 3 27 1
migrate 8 5 7 3 26 1
finish 179.654480934 205.4995718
controller 50 69603000 1740075 8 5 40
finish 185.388494968 211.204002857
finish 188.121246099 213.883610964
controller 50 66494000 2077937 8 4 32
migrate 8 5 1 8 25 2
migrate 8 5 2 7 24 2
migrate 8 5 3 6 23 2
migrate 8 5 4 5 22 2
migrate 8 5 5 4 21 2
migrate 8 5 6 4 20 2
migrate 8 5 7 4 19 2
migrate 8 5 2 8 18 3
migrate 8 5 3 7 17 3
migrate 8 5 4 6 16 3
migrate 8 5 5 5 15 3
migrate 8 5 6 5 14 3
migrate 8 5 7 5 13 3
controller 49 58706000 1467650 8 5 40
finish 211.59692502 224.826632977
controller 49 65797000 2056156 8 4 32
controller 49 51109000 1277725 8 5 40
controller 49 68114000 2128562 8 4 32
controller 48 62642000 1566050 8 5 40
controller 49 67633000 2113531 8 4 32
controller 49 68524000 1713100 8 5 40
controller 49 67407000 2106468 8 4 32
controller 49 61130000 1528250 8 5 40
controller 49 70179000 2193093 8 4 32
controller 49 65479000 1636975 8 5 40
controller 49 70609000 2206531 8 4 32
controller 49 60654000 1516350 8 5 40
controller 49 61007000 1906468 8 4 32
controller 49 62663000 1566575 8 5 40
controller 49 70415000 2200468 8 4 32
controller 48 69596000 1739900 8 5 40
controller 46 69575000 2174218 8 4 32
controller 45 64971000 1624275 8 5 40
finish 231.950599194 356.050323009
finish 234.028736115 358.039386034
finish 234.39304018 358.425719976
controller 45 72675000 2271093 8 4 32
finish 198.398525 362.596213818
controller 44 66017000 1650425 8 5 40
finish 242.959675789 367.083038807
controller 44 70032000 2188500 8 4 32
finish 216.549201012 380.63336587
controller 42 68001000 1700025 8 5 40
finish 260.708606958 384.859004974
controller 41 67077000 2096156 8 4 32
finish 254.02193284 389.673252821
controller 40 63949000 1598725 8 5 40
finish 273.387081861 397.563227892
controller 40 65577000 2049281 8 4 32
controller 39 64494000 1612350 8 5 40
finish 248.398634911 412.50500083
controller 39 66662000 2083187 8 4 32
finish 212.805912018 417.289799929
finish 293.264693975 417.319931984
controller 37 65417000 1635425 8 5 40
controller 37 65204000 2037625 8 4 32
controller 37 68587000 1714675 8 5 40
finish 223.718338013 440.848837852
controller 35 66118000 2066187 8 4 32
controller 33 69196000 1729900 8 5 40
finish 286.806632042 450.958194971
finish 330.560981989 454.638553858
finish 291.318685055 455.543412924
controller 31 67189000 2099656 8 4 32
migrate 8 5 3 8 12 4
migrate 8 5 4 7 11 4
migrate 8 5 5 6 10 4
migrate 8 5 6 6 9 4
migrate 8 5 7 6 8 4
migrate 8 5 4 8 7 5
migrate 8 5 5 7 6 5
migrate 8 5 6 7 5 5
migrate 8 5 7 7 4 5
finish 252.098991871 456.608193874
migrate 8 5 5 8 3 6
finish 294.980421066 459.598862886
controller 29 67430000 1685750 8 5 40
finish 258.979892969 463.409940958
finish 299.460539103 463.589052916
finish 251.379317999 468.745545864
controller 28 61431055 1919720 8 4 32
finish 266.379253864 470.915589809
migrate 8 5 6 8 2 7
migrate 8 5 7 8 1 8
finish 269.165740013 473.565956831
controller 25 52696055 1317401 8 5 40
controller 23 61997055 1937407 8 4 32
finish 270.214598894 487.31850481
controller 22 64668055 1616701 8 5 40
finish 273.622383118 490.955240011
finish 329.020137787 493.194554806
finish 277.949625015 495.168241024
controller 22 67492055 2109126 8 4 32
finish 281.098550081 498.115310907
controller 20 58764273 1469106 8 5 40
finish 300.530899048 504.989359856
finish 287.762490034 505.065454006
finish 291.638042927 508.912251949
controller 16 59466110 1858315 8 4 32
finish 311.583113194 516.145560026
controller 15 72119055 1802976 8 5 40
finish 301.040921211 518.119153023
finish 302.23000598 519.278759956
controller 14 68579110 2143097 8 4 32
finish 309.617196083 526.774581909
finish 309.726552963 526.914665937
finish 310.795848846 528.04108882
controller 12 51399165 1284979 8 5 40
controller 12 51896275 1621758 8 4 32
controller 12 60842220 1521055 8 5 40
controller 12 54418165 1700567 8 4 32
controller 12 64518275 1612956 8 5 40
controller 12 66009165 2062786 8 4 32
controller 11 58715165 1467879 8 5 40
finish 113.006081104 568.801225901
controller 10 57735220 1804225 8 4 32
finish 119.401890993 575.171959877
controller 10 61860649 1546516 8 5 40
controller 10 50695165 1584223 8 4 32
controller 9 43163220 1079080 8 5 40
finish 122.896558046 593.94263792
controller 7 42404385 1325137 8 4 32
finish 143.358406067 600.008548975
finish 144.572201967 600.542555809
finish 146.353981018 602.203974009
finish 148.146055937 604.145212889
finish 149.258583069 605.080245018
finish 149.332885981 605.270895958
controller 4 38558275 963956 8 5 40
controller 3 19238288 601196 8 4 32
finish 158.516441107 614.422523022
controller 2 17485440 624480 7 4 28
finish 151.207669973 622.225485802
controller 2 19181495 479537 8 5 40
finish 168.776582003 624.653720856
real 625.01
user 41.32
sys 93.06

Sun Nov  4 07:07:48 2012
----------------
