Log of time -p ./multiple.py 
Sun Nov  4 05:09:14 2012

1 [1, 2, 3, 4, 5, 6, 7, 8]
2 [1, 2, 3, 4, 5, 6, 7, 8]
3 [1, 2, 3, 4, 5, 6, 7, 8]
4 [1, 2, 3, 4, 5, 6, 7, 8]
5 [1, 2, 3, 4, 5, 6, 7, 8]
6 [1, 2, 3, 4, 5, 6, 7, 8]
7 [1, 2, 3, 4, 5, 6, 7, 8]
8 [1, 2, 3, 4, 5, 6, 7, 8]

rvms total avg pwnd vwnd totalvms
migrate 1 1 0 1 64 0
controller 64 1667 1667 1 1 1
migrate 2 2 0 2 63 0
migrate 2 2 1 1 62 0
controller 64 205494 51373 2 2 4
migrate 3 3 0 3 61 0
migrate 3 3 1 2 60 0
migrate 3 3 2 1 59 0
controller 64 11373636 1263737 3 3 9
migrate 4 4 0 4 58 0
migrate 4 4 1 3 57 0
migrate 4 4 2 2 56 0
migrate 4 4 3 1 55 0
controller 64 36717179 2294823 4 4 16
migrate 5 5 0 5 54 0
migrate 5 5 1 4 53 0
migrate 5 5 2 3 52 0
migrate 5 5 3 2 51 0
migrate 5 5 4 1 50 0
controller 64 44725889 1789035 5 5 25
controller 64 49071165 2453558 5 4 20
controller 64 57339165 1911305 6 5 30
controller 64 65651165 2735465 6 4 24
controller 64 65108165 1860233 7 5 35
controller 64 65647165 2344541 7 4 28
controller 64 62675165 1566879 8 5 40
controller 64 67080165 2096255 8 4 32
controller 64 70731110 1768277 8 5 40
controller 64 63400165 1981255 8 4 32
controller 63 65203165 1630079 8 5 40
finish 106.945809126 107.624644041
controller 63 68302165 2134442 8 4 32
migrate 8 5 0 6 49 0
migrate 8 5 1 5 48 0
migrate 8 5 2 4 47 0
migrate 8 5 3 3 46 0
migrate 8 5 4 2 45 0
migrate 8 5 5 1 44 0
migrate 8 5 6 1 43 0
migrate 8 5 7 1 42 0
controller 63 56933503 1423337 8 5 40
controller 63 66446000 2076437 8 4 32
controller 62 63998000 1599950 8 5 40
controller 62 66077000 2064906 8 4 32
finish 132.376966 139.285856009
migrate 8 5 0 7 41 0
controller 61 57563000 1439075 8 5 40
controller 61 60933000 1904156 8 4 32
finish 134.174834967 153.619588852
controller 59 61555000 1538875 8 5 40
finish 132.165520191 159.052252054
finish 136.363519907 163.274169922
controller 58 59748000 1867125 8 4 32
finish 143.188064098 170.043648005
migrate 8 5 1 6 40 0
migrate 8 5 2 5 39 0
migrate 8 5 3 4 38 0
migrate 8 5 4 3 37 0
migrate 8 5 5 2 36 0
migrate 8 5 6 2 35 0
migrate 8 5 7 2 34 0
migrate 8 5 0 8 33 1
finish 151.086412907 170.552966833
migrate 8 5 1 7 32 1
migrate 8 5 2 6 31 1
migrate 8 5 3 5 30 1
migrate 8 5 4 4 29 1
migrate 8 5 5 3 28 1
migrate 8 5 6 3 27 1
migrate 8 5 7 3 26 1
controller 57 62460000 1561500 8 5 40
controller 55 58979000 1843093 8 4 32
finish 167.22972393 180.406263828
finish 156.206717014 183.038099051
controller 54 64425000 1610625 8 5 40
finish 173.192486048 192.706086874
controller 53 56915000 1778593 8 4 32
controller 52 64745000 1618625 8 5 40
controller 52 70018000 2188062 8 4 32
finish 183.517642021 210.452734947
controller 52 70148000 1753700 8 5 40
finish 206.4853971 219.70815897
controller 51 65174000 2036687 8 4 32
controller 50 67960000 1699000 8 5 40
controller 50 68821000 2150656 8 4 32
finish 228.979874134 235.911092043
migrate 8 5 1 8 25 2
migrate 8 5 2 7 24 2
migrate 8 5 3 6 23 2
migrate 8 5 4 5 22 2
migrate 8 5 5 4 21 2
migrate 8 5 6 4 20 2
migrate 8 5 7 4 19 2
controller 50 70284000 1757100 8 5 40
controller 49 66320000 2072500 8 4 32
finish 228.379022837 247.867020845
migrate 8 5 2 8 18 3
migrate 8 5 3 7 17 3
migrate 8 5 4 6 16 3
migrate 8 5 5 5 15 3
migrate 8 5 6 5 14 3
migrate 8 5 7 5 13 3
finish 240.118700027 253.316561937
controller 49 63400000 1585000 8 5 40
controller 49 68726000 2147687 8 4 32
controller 49 60673000 1516825 8 5 40
controller 49 72405000 2262656 8 4 32
controller 49 69757000 1743925 8 5 40
controller 49 70777000 2211781 8 4 32
controller 49 67818000 1695450 8 5 40
controller 47 64896000 2028000 8 4 32
controller 47 62780000 1569500 8 5 40
finish 207.29598403 317.726866007
controller 47 64891000 2027843 8 4 32
finish 212.14006114 322.65742898
migrate 8 5 3 8 12 4
controller 47 64648000 1616200 8 5 40
controller 46 71264000 2227000 8 4 32
finish 227.886515141 338.43019104
migrate 8 5 4 7 11 4
controller 45 69416000 1735400 8 5 40
controller 45 59898000 1871812 8 4 32
finish 239.247281075 349.705086946
controller 45 66687000 1667175 8 5 40
controller 45 67416000 2106750 8 4 32
controller 45 64485000 1612125 8 5 40
controller 44 72214000 2256687 8 4 32
controller 44 69209000 1730225 8 5 40
finish 215.785102844 386.402232885
controller 44 66692000 2084125 8 4 32
finish 285.950083017 396.522567987
migrate 8 5 5 6 10 4
controller 41 62932000 1573300 8 5 40
finish 290.252501011 400.881046057
finish 293.766929865 404.369007826
controller 40 65636000 2051125 8 4 32
migrate 8 5 6 6 9 4
migrate 8 5 7 6 8 4
finish 237.712960005 408.475101948
controller 40 68129000 1703225 8 5 40
controller 39 61036000 1907375 8 4 32
controller 39 66874000 1671850 8 5 40
finish 315.524531841 426.009703875
finish 259.740612984 429.922711849
controller 37 65431000 2044718 8 4 32
finish 190.718280792 438.69479084
controller 36 64188000 1604700 8 5 40
finish 268.779920816 439.572826862
controller 34 69254000 2164187 8 4 32
finish 277.274895906 447.559034824
finish 278.909816027 449.554425955
controller 32 69949000 1748725 8 5 40
finish 282.943558931 453.150877953
finish 316.230226994 455.581650019
finish 286.142444134 456.871670008
finish 286.979986906 457.321709871
controller 29 55730000 1741562 8 4 32
finish 292.432444096 462.665267944
controller 29 68729055 2454609 7 4 28
migrate 8 5 4 8 7 5
migrate 8 5 5 7 6 5
migrate 8 5 6 7 5 5
migrate 8 5 7 7 4 5
migrate 8 5 5 8 3 6
migrate 8 5 6 8 2 7
controller 29 64609055 1615226 8 5 40
finish 228.490968943 476.437362909
controller 26 68177055 2130532 8 4 32
finish 311.231510878 481.932179928
finish 247.379251957 483.34078598
controller 22 58694000 1467350 8 5 40
finish 238.556769848 486.446297884
finish 318.853374958 489.010576963
controller 21 63379055 1980595 8 4 32
finish 245.366321802 493.406901836
migrate 8 5 7 8 1 8
controller 20 62364110 1559102 8 5 40
finish 331.094347 501.408364058
finish 256.218877077 504.228786945
finish 270.222165823 506.211593866
controller 20 58900110 1840628 8 4 32
controller 19 68654165 1716354 8 5 40
finish 279.660505056 515.706753016
finish 282.769318104 518.874078035
controller 16 56696165 1771755 8 4 32
finish 286.758637905 522.891721964
finish 355.990464211 526.663202047
controller 16 63008165 1575204 8 5 40
finish 292.647639036 528.723568916
controller 14 64000165 2000005 8 4 32
finish 300.140844107 536.158344984
controller 14 64073165 1601829 8 5 40
finish 298.423409939 546.341353893
controller 13 63178165 1974317 8 4 32
controller 12 66900165 1672504 8 5 40
finish 387.261445999 557.519870996
controller 12 55729330 1741541 8 4 32
finish 225.574105978 564.103518009
controller 11 56920110 1423002 8 5 40
finish 160.682342052 565.616018057
finish 247.547705173 570.300287008
controller 9 52187165 1630848 8 4 32
finish 176.406619072 572.938199997
finish 170.757738113 575.725846052
controller 7 52543398 1313584 8 5 40
controller 7 45357275 1417414 8 4 32
finish 119.797060013 586.110008001
finish 120.292846918 586.577961922
controller 5 35204220 880105 8 5 40
finish 128.830460072 595.069936037
controller 4 41470622 1295956 8 4 32
finish 132.091722012 598.42810297
controller 3 30583220 764580 8 5 40
finish 114.144977093 607.565736055
finish 141.558262825 607.819923878
finish 142.783313036 609.001095057
controller 1 17078330 533697 8 4 32
real 610.12
user 42.01
sys 96.60

Sun Nov  4 05:19:24 2012
----------------
