Log of time -p ./multiple.py 
Sat Nov  3 22:56:23 2012

1 [1, 2, 3, 4, 5, 6, 7, 8]
2 [1, 2, 3, 4, 5, 6, 7, 8]
3 [1, 2, 3, 4, 5, 6, 7, 8]
4 [1, 2, 3, 4, 5, 6, 7, 8]
5 [1, 2, 3, 4, 5, 6, 7, 8]
6 [1, 2, 3, 4, 5, 6, 7, 8]
7 [1, 2, 3, 4, 5, 6, 7, 8]
8 [1, 2, 3, 4, 5, 6, 7, 8]

rvms total avg pwnd vwnd totalvms
migrate 1 1 0 1 64 0
controller 64 15000620 15000620 1 1 1
migrate 2 2 0 2 63 0
migrate 2 2 1 1 62 0
controller 64 45000275 11250068 2 2 4
controller 62 59000385 29500192 2 1 2
controller 64 67000440 11166740 3 2 6
finish 27.2065849304 27.8823029995
controller 64 59000495 19666831 3 1 3
migrate 4 2 0 3 61 0
migrate 4 2 1 2 60 0
migrate 4 2 2 1 59 0
migrate 4 2 3 1 58 0
finish 26.986084938 33.8927760124
migrate 4 2 0 4 57 0
controller 63 60651275 7581409 4 2 8
finish 32.1506891251 39.0830740929
controller 61 64338275 16084568 4 1 4
migrate 5 2 1 3 56 0
migrate 5 2 2 2 55 0
migrate 5 2 3 2 54 0
migrate 5 2 4 1 53 0
controller 61 80318165 8031816 5 2 10
controller 61 85225165 17045033 5 1 5
controller 61 79000220 6583351 6 2 12
controller 61 75000359 12500059 6 1 6
controller 61 91000220 6500015 7 2 14
finish 49.8595030308 81.9499061108
controller 61 77000110 11000015 7 1 7
finish 53.4599630833 87.3841130733
migrate 8 2 0 5 52 0
controller 59 69700275 4356267 8 2 16
finish 58.2341599464 90.2821259499
controller 58 72000110 9000013 8 1 8
finish 56.2604689598 100.951682091
finish 56.3824498653 101.100724936
controller 58 74448220 4653013 8 2 16
finish 69.8093039989 101.877007008
finish 75.3450629711 107.457818031
controller 55 44444220 5555527 8 1 8
migrate 8 2 1 4 51 0
migrate 8 2 2 3 50 0
migrate 8 2 3 3 49 0
migrate 8 2 4 2 48 0
migrate 8 2 5 1 47 0
migrate 8 2 6 1 46 0
migrate 8 2 7 1 45 0
migrate 8 2 0 6 44 0
finish 65.7047150135 110.375085115
controller 53 83425000 5214062 8 2 16
finish 75.1658079624 119.81687212
controller 52 93376000 11672000 8 1 8
migrate 8 2 1 5 43 0
migrate 8 2 2 4 42 0
migrate 8 2 3 4 41 0
migrate 8 2 4 3 40 0
migrate 8 2 5 2 39 0
migrate 8 2 6 2 38 0
migrate 8 2 7 2 37 0
controller 52 106000000 6625000 8 2 16
controller 52 100274000 12534250 8 1 8
finish 47.4063849449 134.795454979
migrate 8 2 0 7 36 0
controller 51 99482000 6217625 8 2 16
controller 51 99000000 12375000 8 1 8
controller 51 106858000 6678625 8 2 16
controller 51 109980000 13747500 8 1 8
controller 51 101472000 6342000 8 2 16
finish 60.9844081402 169.194482088
controller 50 102527000 12815875 8 1 8
controller 50 108318000 6769875 8 2 16
controller 50 99659000 12457375 8 1 8
finish 76.2818541527 184.581201077
finish 79.3383500576 187.617598057
controller 48 92847000 5802937 8 2 16
finish 74.5436840057 195.425456047
finish 88.2245721817 196.547726154
controller 47 92066000 11508250 8 1 8
finish 89.9944269657 198.338614941
finish 78.2229290009 199.160207987
finish 64.9820990562 199.841417074
finish 92.3129110336 200.502597094
migrate 8 2 1 6 35 0
migrate 8 2 2 5 34 0
finish 92.3417420387 200.600108147
finish 82.2378890514 203.094146013
migrate 8 2 3 5 33 0
migrate 8 2 4 4 32 0
migrate 8 2 5 3 31 0
migrate 8 2 6 3 30 0
migrate 8 2 7 3 29 0
migrate 8 2 0 8 28 1
controller 41 60966000 3810375 8 2 16
finish 96.7373139858 204.972171068
finish 86.4005470276 207.364763975
controller 38 77688000 9711000 8 1 8
finish 94.6837639809 215.512418032
controller 37 92973000 5810812 8 2 16
finish 95.5953199863 216.502316952
controller 36 86424000 10803000 8 1 8
finish 103.780273914 224.582129955
migrate 8 2 1 7 27 1
migrate 8 2 2 6 26 1
migrate 8 2 3 6 25 1
migrate 8 2 4 5 24 1
migrate 8 2 5 4 23 1
migrate 8 2 6 4 22 1
migrate 8 2 7 4 21 1
controller 35 86542000 5408875 8 2 16
controller 35 99089000 12386125 8 1 8
controller 35 96465000 6029062 8 2 16
controller 35 101944000 12743000 8 1 8
controller 35 108436000 6777250 8 2 16
controller 35 113799000 14224875 8 1 8
finish 62.1092879772 262.683740139
controller 34 106402000 6650125 8 2 16
finish 66.6128060818 267.16575408
finish 69.1286067963 272.25532794
controller 33 102943000 12867875 8 1 8
migrate 8 2 1 8 20 2
migrate 8 2 2 7 19 2
finish 72.9083368778 276.056520939
finish 74.2679390907 277.458986044
controller 31 96498000 6031125 8 2 16
finish 81.0618870258 284.231537104
controller 29 17000000 2125000 8 1 8
finish 62.3974840641 287.057296038
finish 85.332611084 288.438060045
finish 85.5454938412 288.759218931
controller 26 70233000 10033285 7 1 7
migrate 8 2 3 7 18 2
migrate 8 2 4 6 17 2
migrate 8 2 5 5 16 2
migrate 8 2 6 5 15 2
migrate 8 2 7 5 14 2
finish 70.7149209976 295.330867052
migrate 8 2 2 8 13 3
controller 25 80355110 5022194 8 2 16
finish 75.8311572075 300.469179153
finish 78.9336340427 303.614526033
finish 79.0613870621 303.655815125
controller 23 82912055 10364006 8 1 8
migrate 8 2 3 8 12 4
migrate 8 2 4 7 11 4
migrate 8 2 5 6 10 4
controller 22 90796055 5674753 8 2 16
controller 22 90792110 11349013 8 1 8
finish 94.2246730328 318.927811146
migrate 8 2 6 6 9 4
controller 21 95012055 5938253 8 2 16
finish 100.178102016 324.904258966
controller 20 87466055 10933256 8 1 8
migrate 8 2 7 6 8 4
controller 20 100235110 6264694 8 2 16
controller 20 100417055 12552131 8 1 8
finish 51.0709040165 346.491019964
controller 20 102208055 6388003 8 2 16
finish 60.8778610229 352.527893066
controller 19 90974110 11371763 8 1 8
finish 85.6058719158 358.274414062
controller 17 97322000 6082625 8 2 16
finish 71.0098400116 362.639487982
finish 92.7521290779 365.394060135
controller 15 79211110 9901388 8 1 8
finish 64.4087240696 368.746179104
migrate 8 2 4 8 7 5
migrate 8 2 5 7 6 5
migrate 8 2 6 7 5 5
controller 14 75326165 4707885 8 2 16
controller 12 81000220 10125027 8 1 8
finish 61.3303420544 380.343492031
finish 89.9692590237 381.5785501
finish 52.7200951576 382.182577133
migrate 8 2 7 7 4 5
controller 11 67922110 4245131 8 2 16
finish 83.1315450668 387.443535089
finish 96.3028209209 387.980061054
controller 9 72074165 9009270 8 1 8
finish 105.804884911 397.394278049
finish 29.1011769772 397.981724024
controller 9 68964275 4310267 8 2 16
finish 100.031729937 404.394972086
controller 6 51000330 6375041 8 1 8
migrate 8 2 5 8 3 6
migrate 8 2 6 8 2 7
migrate 8 2 7 8 1 8
controller 6 64000220 4000013 8 2 16
finish 32.275427103 414.536270142
controller 5 52836385 6604548 8 1 8
finish 53.8895750046 422.731025934
controller 5 69000275 4312517 8 2 16
controller 4 55000275 6875034 8 1 8
controller 4 66000385 4125024 8 2 16
finish 69.0890011787 437.949767113
finish 33.5982830524 438.80867815
controller 2 43466330 5433291 8 1 8
finish 40.2237401009 445.411275148
finish 42.3071169853 447.468724012
controller 2 22544289 1409018 8 2 16
real 449.87
user 33.35
sys 68.87

Sat Nov  3 23:03:53 2012
----------------
