Log of time -p ./multiple-without-controller.py 1 1 
Mon Nov  5 05:44:07 2012

1cpms-1cvms

migrate 1 1 0 1 64 0
migrate 1 1 0 1 63 0
finish 18.9054389 19.578289032
migrate 1 1 0 2 63 0
migrate 1 1 0 2 62 0
finish 18.4604690075 38.0670130253
migrate 1 1 0 3 62 0
migrate 1 1 0 3 61 0
finish 56.5017259121 94.5782921314
migrate 1 1 0 4 61 0
migrate 1 1 0 4 60 0
finish 76.2483530045 170.864207029
migrate 1 1 0 5 60 0
migrate 1 1 0 5 59 0
finish 18.5214910507 189.417769194
migrate 1 1 0 6 59 0
migrate 1 1 0 6 58 0
finish 19.1508059502 208.63706708
migrate 1 1 0 7 58 0
migrate 1 1 0 7 57 0
finish 26.328524828 234.995646
migrate 1 1 0 8 57 1
migrate 1 1 1 8 56 1
migrate 1 1 1 1 56 1
migrate 1 1 2 1 55 1
migrate 1 1 2 1 55 1
migrate 1 1 3 1 54 1
migrate 1 1 3 1 54 1
migrate 1 1 4 1 53 1
migrate 1 1 4 1 53 1
migrate 1 1 5 1 52 1
migrate 1 1 5 1 52 1
migrate 1 1 6 1 51 1
migrate 1 1 6 1 51 1
migrate 1 1 7 1 50 1
migrate 1 1 7 1 50 1
migrate 1 1 1 1 49 1
finish 69.0506980419 304.229765177
finish 77.7974851131 312.89380312
migrate 1 1 1 2 49 1
migrate 1 1 2 2 48 1
finish 79.7076840401 314.823129177
migrate 1 1 2 2 48 1
migrate 1 1 3 2 47 1
finish 81.9402799606 317.16071701
finish 86.0306141376 321.108893156
finish 88.3449580669 323.545143127
finish 93.0554609299 328.193524122
migrate 1 1 3 2 47 1
migrate 1 1 4 2 46 1
finish 99.8452100754 335.003248215
migrate 1 1 4 2 46 1
migrate 1 1 5 2 45 1
migrate 1 1 5 2 45 1
migrate 1 1 6 2 44 1
migrate 1 1 6 2 44 1
migrate 1 1 7 2 43 1
migrate 1 1 7 2 43 1
migrate 1 1 1 2 42 1
finish 28.3992388248 341.386584044
migrate 1 1 1 3 42 1
migrate 1 1 2 3 41 1
finish 40.2342851162 355.14381218
migrate 1 1 2 3 41 1
migrate 1 1 3 3 40 1
finish 42.4650809765 370.758490086
migrate 1 1 3 3 40 1
migrate 1 1 4 3 39 1
finish 42.2093257904 383.61609602
finish 52.9806568623 388.145780087
finish 55.7331488132 390.860605001
finish 62.3422830105 397.488541126
finish 68.7078819275 403.816954136
migrate 1 1 4 3 39 1
migrate 1 1 5 3 38 1
migrate 1 1 5 3 38 1
migrate 1 1 6 3 37 1
migrate 1 1 6 3 37 1
migrate 1 1 7 3 36 1
migrate 1 1 7 3 36 1
migrate 1 1 1 3 35 1
migrate 1 1 1 4 35 1
migrate 1 1 2 4 34 1
finish 33.7570660114 404.561218023
finish 50.4522490501 405.611218214
migrate 1 1 2 4 34 1
migrate 1 1 3 4 33 1
migrate 1 1 3 4 33 1
migrate 1 1 4 4 32 1
finish 54.2010331154 458.087925196
migrate 1 1 4 4 32 1
migrate 1 1 5 4 31 1
finish 68.8121230602 472.717357159
migrate 1 1 5 4 31 1
migrate 1 1 6 4 30 1
finish 68.418749094 474.059809208
finish 74.1413168907 479.763709068
finish 78.1780560017 482.139340162
finish 82.5614788532 486.504184008
finish 85.3251760006 489.249063015
migrate 1 1 6 4 30 1
migrate 1 1 7 4 29 1
migrate 1 1 7 4 29 1
migrate 1 1 1 4 28 1
migrate 1 1 1 5 28 1
migrate 1 1 2 5 27 1
migrate 1 1 2 5 27 1
migrate 1 1 3 5 26 1
migrate 1 1 3 5 26 1
migrate 1 1 4 5 25 1
finish 33.4206740856 491.546306133
migrate 1 1 4 5 25 1
migrate 1 1 5 5 24 1
finish 23.4335379601 496.259893179
migrate 1 1 5 5 24 1
migrate 1 1 6 5 23 1
finish 43.610367775 532.902842999
finish 44.0529561043 535.667096138
finish 41.4299111366 537.70057416
finish 50.5579950809 539.893076181
finish 53.0708959103 542.345179081
finish 54.8600270748 544.172071218
finish 57.3543961048 546.610015154
migrate 1 1 6 5 23 1
migrate 1 1 7 5 22 1
migrate 1 1 7 5 22 1
migrate 1 1 1 5 21 1
migrate 1 1 1 6 21 1
migrate 1 1 2 6 20 1
migrate 1 1 2 6 20 1
migrate 1 1 3 6 19 1
migrate 1 1 3 6 19 1
migrate 1 1 4 6 18 1
migrate 1 1 4 6 18 1
migrate 1 1 5 6 17 1
migrate 1 1 5 6 17 1
migrate 1 1 6 6 16 1
finish 78.8793139458 625.512122154
migrate 1 1 6 6 16 1
migrate 1 1 7 6 15 1
finish 80.8670310974 627.53671217
finish 80.9730241299 627.661229134
finish 83.8015031815 630.452719212
migrate 1 1 7 6 15 1
migrate 1 1 1 6 14 1
migrate 1 1 1 7 14 1
migrate 1 1 2 7 13 1
migrate 1 1 2 7 13 1
migrate 1 1 3 7 12 1
finish 84.7354559898 631.442434072
migrate 1 1 3 7 12 1
migrate 1 1 4 7 11 1
finish 89.5274457932 636.252779007
migrate 1 1 4 7 11 1
migrate 1 1 5 7 10 1
finish 100.149909973 646.896353006
migrate 1 1 5 7 10 1
migrate 1 1 6 7 9 1
finish 26.454472065 657.931424141
finish 38.3555850983 663.895357132
migrate 1 1 6 7 9 1
migrate 1 1 7 7 8 1
finish 36.2607939243 672.566564083
finish 46.9986789227 677.499382019
finish 47.4045529366 677.886784077
migrate 1 1 7 7 8 1
migrate 1 1 1 7 7 1
migrate 1 1 1 8 7 2
migrate 1 1 2 8 6 2
finish 57.1539819241 687.673094034
migrate 1 1 2 8 6 3
migrate 1 1 3 8 5 3
migrate 1 1 3 8 5 4
migrate 1 1 4 8 4 4
migrate 1 1 4 8 4 5
migrate 1 1 5 8 3 5
finish 66.1128401756 713.115382195
migrate 1 1 5 8 3 6
migrate 1 1 6 8 2 6
finish 44.9676520824 732.752803087
finish 77.7761249542 741.699548006
migrate 1 1 6 8 2 7
migrate 1 1 7 8 1 7
finish 64.2095830441 742.1080091
migrate 1 1 7 8 1 8
migrate 1 1 8 8 0 8
finish 64.6867930889 752.508817196
finish 80.5043411255 758.422335148
finish 83.7441279888 771.547712088
finish 61.4787361622 774.678865194
finish 41.2813498974 783.028985023
finish 50.8318459988 792.950688124
real 793.01
user 28.16
sys 94.21

Mon Nov  5 05:57:20 2012
----------------
