Log of time -p ./multiple.py 
Sun Nov  4 23:15:07 2012

1 [1, 2, 3, 4, 5, 6, 7, 8]
2 [1, 2, 3, 4, 5, 6, 7, 8]
3 [1, 2, 3, 4, 5, 6, 7, 8]
4 [1, 2, 3, 4, 5, 6, 7, 8]
5 [1, 2, 3, 4, 5, 6, 7, 8]
6 [1, 2, 3, 4, 5, 6, 7, 8]
7 [1, 2, 3, 4, 5, 6, 7, 8]
8 [1, 2, 3, 4, 5, 6, 7, 8]

rvms total avg pwnd vwnd totalvms
migrate 1 1 0 1 64 0
controller 64 17000284 17000284 1 1 1
migrate 2 2 0 2 63 0
migrate 2 2 1 1 62 0
controller 64 58000330 14500082 2 2 4
controller 64 56000495 28000247 2 1 2
finish 20.1722791195 20.8607890606
migrate 3 2 0 3 61 0
migrate 3 2 1 2 60 0
migrate 3 2 2 1 59 0
controller 64 58319289 9719881 3 2 6
controller 63 85000275 28333425 3 1 3
finish 27.8875589371 34.2667729855
controller 63 82000330 10250041 4 2 8
finish 19.7408540249 40.7220330238
controller 62 62000508 15500127 4 1 4
migrate 5 2 0 4 58 0
migrate 5 2 1 3 57 0
migrate 5 2 2 2 56 0
migrate 5 2 3 1 55 0
migrate 5 2 4 1 54 0
controller 61 102122165 10212216 5 2 10
controller 61 13860344 2772068 5 1 5
controller 61 39699234 9924808 4 1 4
finish 47.8195750713 68.821942091
controller 61 76938165 7693816 5 2 10
finish 49.5947620869 70.6184151173
finish 68.9606409073 75.3201620579
controller 59 52683204 10536640 5 1 5
migrate 6 2 0 5 53 0
migrate 6 2 1 4 52 0
migrate 6 2 2 3 51 0
migrate 6 2 3 2 50 0
migrate 6 2 4 2 49 0
migrate 6 2 5 1 48 0
controller 58 79579069 6631589 6 2 12
controller 58 113000069 18833344 6 1 6
controller 58 109000110 7785722 7 2 14
finish 56.1275088787 100.463835001
controller 57 109000165 15571452 7 1 7
controller 56 25216136 1576008 8 2 16
controller 56 7361110 920138 8 1 8
finish 72.701925993 116.998446941
controller 55 18888165 2698309 7 1 7
finish 76.935890913 121.188904047
migrate 8 2 0 6 47 0
controller 55 49401014 3087563 8 2 16
migrate 8 3 1 5 46 0
migrate 8 3 2 4 45 0
migrate 8 3 3 3 44 0
migrate 8 3 4 3 43 0
migrate 8 3 5 2 42 0
migrate 8 3 6 1 41 0
migrate 8 3 7 1 40 0
migrate 8 3 0 7 39 0
controller 55 52694561 2195606 8 3 24
finish 57.3279550076 133.163574934
controller 54 59108000 3694250 8 2 16
controller 54 50015000 2083958 8 3 24
controller 54 67367000 4210437 8 2 16
finish 81.5749599934 157.342808008
controller 53 100494000 4187250 8 3 24
controller 53 116901000 7306312 8 2 16
finish 123.485646009 167.760163069
migrate 8 3 1 6 38 0
migrate 8 3 2 5 37 0
migrate 8 3 3 4 36 0
migrate 8 3 4 4 35 0
migrate 8 3 5 3 34 0
migrate 8 3 6 2 33 0
migrate 8 3 7 2 32 0
migrate 8 3 0 8 31 1
finish 124.729454041 169.045588017
controller 52 116103000 4837625 8 3 24
controller 51 118445000 7402812 8 2 16
finish 107.319458008 183.203511
controller 50 116287000 4845291 8 3 24
finish 112.34839797 188.139339924
controller 49 117870000 7366875 8 2 16
migrate 8 3 1 7 30 1
finish 73.2767920494 194.502802134
controller 48 117054000 4877250 8 3 24
controller 48 112946000 7059125 8 2 16
controller 47 35051000 1460458 8 3 24
finish 138.318976879 214.133970022
controller 46 107992000 6749500 8 2 16
migrate 8 3 2 6 29 1
migrate 8 3 3 5 28 1
finish 94.057765007 220.247880936
finish 145.703701019 221.563471079
migrate 8 3 4 5 27 1
migrate 8 3 5 4 26 1
migrate 8 3 6 3 25 1
migrate 8 3 7 3 24 1
controller 45 109529000 4563708 8 3 24
controller 45 112198000 7012375 8 2 16
finish 109.068989038 235.388844013
controller 44 114796000 4783166 8 3 24
finish 74.9284470081 242.803009987
finish 116.700531006 242.917622089
finish 118.506300926 244.851002932
controller 41 103159000 6447437 8 2 16
migrate 8 3 1 8 23 2
migrate 8 3 2 7 22 2
migrate 8 3 3 6 21 2
finish 120.317389965 246.559876919
migrate 8 3 4 6 20 2
controller 40 95634000 3984750 8 3 24
finish 126.246199131 252.413706064
controller 39 70865000 4429062 8 2 16
controller 38 3571000 148791 8 3 24
controller 38 51615000 3225937 8 2 16
finish 107.889672041 275.901873112
controller 37 66686000 2778583 8 3 24
controller 37 67870000 4241875 8 2 16
finish 159.921294928 286.213829041
controller 36 73274000 3053083 8 3 24
finish 129.417011976 297.359357119
controller 35 70032000 4377000 8 2 16
finish 133.351072788 301.270870924
finish 176.285453081 302.553568125
migrate 8 3 5 5 19 2
migrate 8 3 6 4 18 2
migrate 8 3 7 4 17 2
controller 34 64795000 2699791 8 3 24
finish 143.763297081 311.751840115
controller 31 90656000 5666000 8 2 16
finish 92.5746128559 314.240123987
finish 147.483898878 315.523818016
finish 123.913337946 316.637614965
controller 31 108379000 4515791 8 3 24
finish 150.768419981 318.665482998
finish 76.4872200489 321.793312073
migrate 8 2 2 8 16 3
finish 154.167151928 322.132699013
controller 28 108000110 6750006 8 2 16
migrate 8 3 3 7 15 3
migrate 8 3 4 7 14 3
migrate 8 3 5 6 13 3
migrate 8 3 6 5 12 3
migrate 8 3 7 5 11 3
controller 26 113000055 4708335 8 3 24
finish 109.947210073 331.587198019
finish 111.433578014 333.12441802
controller 25 116000055 7250003 8 2 16
finish 95.9745559692 341.254693031
finish 124.051841021 342.546921968
controller 24 114222069 4759252 8 3 24
finish 128.643288851 347.162940979
controller 22 102512081 6407005 8 2 16
migrate 8 3 3 8 10 4
finish 128.536426067 350.151297092
migrate 8 3 4 8 9 5
migrate 8 3 5 7 8 5
migrate 8 3 6 6 7 5
migrate 8 3 7 6 6 5
controller 21 113996165 4749840 8 3 24
controller 21 28703165 1793947 8 2 16
controller 21 82142055 5867289 7 2 14
controller 20 94318124 3929921 8 3 24
finish 72.5476391315 375.172593117
finish 130.588928938 375.922749043
controller 19 75283069 4705191 8 2 16
controller 19 104000165 4333340 8 3 24
finish 68.948292017 390.834023952
controller 18 102046096 6377881 8 2 16
controller 18 105000110 4375004 8 3 24
finish 76.8592460155 401.405498981
finish 78.9490230083 403.561934948
finish 81.2978479862 405.822829962
finish 104.378566027 406.982161999
controller 15 90778165 5673635 8 2 16
controller 12 14486278 603594 8 3 24
controller 12 13676124 854757 8 2 16
finish 70.6598770618 420.868673086
finish 177.369806051 423.960643053
controller 11 55 2 8 3 24
finish 127.366226912 429.94917202
controller 10 38530193 2408137 8 2 16
migrate 8 3 5 8 5 6
migrate 8 3 6 7 4 6
migrate 8 3 7 7 3 6
finish 110.722423077 435.312256098
migrate 8 3 6 8 2 7
migrate 8 3 7 8 1 8
finish 112.061653852 436.629473925
finish 88.1506569386 438.421289921
controller 8 29598301 1233262 8 3 24
controller 8 39746152 2484134 8 2 16
controller 6 58510192 2437924 8 3 24
finish 102.415608883 452.665760994
finish 103.607232809 453.836576939
finish 107.80883193 457.635760069
controller 5 48379330 3023708 8 2 16
controller 5 75321220 3138384 8 3 24
controller 5 75104399 2347012 8 4 32
finish 38.9992890358 474.344002962
controller 5 62632275 2609678 8 3 24
controller 4 75570356 2361573 8 4 32
finish 53.6489100456 486.929491997
finish 51.6146481037 486.939172029
finish 56.7218110561 489.980548143
controller 2 45968330 1915347 8 3 24
finish 59.4698557854 492.706265926
real 492.76
user 35.98
sys 75.44

Sun Nov  4 23:23:20 2012
----------------
