Log of time -p ./multiple-without-controller.py 1 1 
Mon Nov  5 06:00:13 2012

1cpms-1cvms

migrate 1 1 0 1 64 0
finish 28.4034290314 29.0766739845
migrate 1 1 0 2 63 0
finish 20.5125808716 49.7069189548
migrate 1 1 0 3 62 0
finish 24.9051039219 74.6813309193
migrate 1 1 0 4 61 0
finish 26.347976923 101.150038004
migrate 1 1 0 5 60 0
finish 51.6651349068 152.883533955
migrate 1 1 0 6 59 0
finish 20.1613681316 173.163331032
migrate 1 1 0 7 58 0
finish 19.5005559921 192.729205847
migrate 1 1 0 8 57 1
migrate 1 1 1 1 56 1
migrate 1 1 2 1 55 1
migrate 1 1 3 1 54 1
migrate 1 1 4 1 53 1
migrate 1 1 5 1 52 1
migrate 1 1 6 1 51 1
migrate 1 1 7 1 50 1
finish 46.6545379162 239.407090902
finish 55.647534132 248.48231101
finish 57.8584730625 250.755367041
finish 62.4631900787 255.23379302
migrate 1 1 1 2 49 1
finish 85.8246538639 278.638480902
finish 92.0733439922 284.927698851
finish 97.5240418911 290.399926901
finish 118.941751003 311.733133078
migrate 1 1 2 2 48 1
migrate 1 1 3 2 47 1
migrate 1 1 4 2 46 1
migrate 1 1 5 2 45 1
migrate 1 1 6 2 44 1
migrate 1 1 7 2 43 1
finish 77.3099458218 332.549002886
migrate 1 1 1 3 42 1
finish 44.9989960194 356.850581884
finish 59.9659609795 371.799417019
migrate 1 1 2 3 41 1
migrate 1 1 3 3 40 1
finish 62.0703539848 373.940490007
migrate 1 1 4 3 39 1
finish 63.5596699715 375.467527866
finish 77.3803420067 389.30687499
finish 80.2679150105 392.156878948
migrate 1 1 5 3 38 1
migrate 1 1 6 3 37 1
migrate 1 1 7 3 36 1
finish 64.4946949482 397.097977877
migrate 1 1 1 4 35 1
finish 74.0525450706 445.901426077
finish 91.7048199177 463.535203934
migrate 1 1 2 4 34 1
migrate 1 1 3 4 33 1
finish 88.8900678158 481.077355862
finish 107.993839025 481.976625919
migrate 1 1 4 4 32 1
migrate 1 1 5 4 31 1
finish 90.433216095 487.605967999
finish 100.062559843 492.28745389
finish 30.8216459751 494.473527908
finish 102.863422871 495.069192886
migrate 1 1 6 4 30 1
migrate 1 1 7 4 29 1
migrate 1 1 1 5 28 1
finish 42.6147899628 524.597921848
finish 67.4341478348 531.067489862
migrate 1 1 2 5 27 1
migrate 1 1 3 5 26 1
migrate 1 1 4 5 25 1
finish 61.8619661331 543.863728046
migrate 1 1 5 5 24 1
finish 62.8256239891 557.987505913
migrate 1 1 6 5 23 1
finish 101.77066803 596.970071077
finish 109.112209082 604.292638063
migrate 1 1 7 5 22 1
migrate 1 1 1 6 21 1
finish 78.8459129333 609.98276186
finish 64.5311861038 622.604691982
finish 95.3210980892 626.476520061
finish 98.3055830002 629.42296195
migrate 1 1 2 6 20 1
migrate 1 1 3 6 19 1
migrate 1 1 4 6 18 1
finish 85.6090011597 629.577985048
migrate 1 1 5 6 17 1
migrate 1 1 6 6 16 1
finish 44.1220390797 648.487081051
finish 49.288599968 653.635036945
migrate 1 1 7 6 15 1
migrate 1 1 1 7 14 1
finish 48.9928460121 678.505857944
finish 65.3349628448 695.003027916
finish 67.0232009888 696.709996939
finish 71.807489872 701.301945925
migrate 1 1 2 7 13 1
migrate 1 1 3 7 12 1
finish 50.6677908897 704.33273387
finish 77.545951128 707.077949047
migrate 1 1 4 7 11 1
migrate 1 1 5 7 10 1
migrate 1 1 6 7 9 1
finish 58.4841239452 712.130451918
migrate 1 1 7 7 8 1
migrate 1 1 1 8 7 2
finish 67.4775660038 774.57852602
finish 75.6651771069 777.017961025
finish 77.9492750168 779.283370972
migrate 1 1 2 8 6 3
migrate 1 1 3 8 5 4
migrate 1 1 4 8 4 5
finish 73.0421459675 780.162283897
migrate 1 1 5 8 3 6
finish 69.3424861431 781.541862011
finish 77.2962911129 784.434916973
migrate 1 1 6 8 2 7
migrate 1 1 7 8 1 8
finish 89.8419339657 802.059592009
finish 32.4645118713 811.804436922
finish 36.9568212032 817.15279007
finish 38.5541667938 823.10132885
finish 55.7077710629 835.066003084
finish 58.8288359642 838.150255919
finish 67.1436491013 851.709208012
real 851.76
user 29.61
sys 99.06

Mon Nov  5 06:14:25 2012
----------------
