Log of time -p ./multiple.py 
Sun Nov  4 22:51:59 2012

1 [1, 2, 3, 4, 5, 6, 7, 8]
2 [1, 2, 3, 4, 5, 6, 7, 8]
3 [1, 2, 3, 4, 5, 6, 7, 8]
4 [1, 2, 3, 4, 5, 6, 7, 8]
5 [1, 2, 3, 4, 5, 6, 7, 8]
6 [1, 2, 3, 4, 5, 6, 7, 8]
7 [1, 2, 3, 4, 5, 6, 7, 8]
8 [1, 2, 3, 4, 5, 6, 7, 8]

rvms total avg pwnd vwnd totalvms
migrate 1 1 0 1 64 0
controller 64 12000275 12000275 1 1 1
migrate 2 2 0 2 63 0
migrate 2 2 1 1 62 0
controller 64 49000330 12250082 2 2 4
migrate 3 3 0 3 61 0
migrate 3 3 1 2 60 0
migrate 3 3 2 1 59 0
controller 64 58878275 6542030 3 3 9
controller 64 74000220 12333370 3 2 6
controller 64 85000275 7083356 4 3 12
finish 31.4933350086 38.4268348217
controller 64 91549385 11443673 4 2 8
migrate 5 3 0 4 58 0
migrate 5 3 1 3 57 0
migrate 5 3 2 2 56 0
migrate 5 3 3 1 55 0
migrate 5 3 4 1 54 0
finish 41.0380830765 41.731112957
migrate 5 3 0 5 53 0
controller 62 71755165 4783677 5 3 15
controller 62 84378275 8437827 5 2 10
finish 45.4165830612 58.5983159542
controller 62 61008165 3389342 6 3 18
finish 52.6263768673 59.5888478756
controller 60 69727220 5810601 6 2 12
migrate 7 3 1 4 52 0
migrate 7 3 2 3 51 0
migrate 7 3 3 2 50 0
migrate 7 3 4 2 49 0
migrate 7 3 5 1 48 0
migrate 7 3 6 1 47 0
migrate 7 3 0 6 46 0
finish 58.3479158878 71.5741949081
controller 60 81704055 3890669 7 3 21
controller 59 75833110 5416650 7 2 14
controller 59 87650055 3652085 8 3 24
controller 59 96744055 6046503 8 2 16
finish 53.6329650879 92.5487070084
controller 58 67054110 2793921 8 3 24
controller 58 75786055 4736628 8 2 16
controller 58 9161055 381710 8 3 24
controller 58 12570055 785628 8 2 16
controller 58 45273110 1886379 8 3 24
migrate 8 4 1 5 45 0
migrate 8 4 2 4 44 0
migrate 8 4 3 3 43 0
migrate 8 4 4 3 42 0
migrate 8 4 5 2 41 0
migrate 8 4 6 2 40 0
migrate 8 4 7 1 39 0
migrate 8 4 0 7 38 0
finish 86.2619519234 125.198916912
migrate 8 4 1 6 37 0
migrate 8 4 2 5 36 0
migrate 8 4 3 4 35 0
migrate 8 4 4 4 34 0
migrate 8 4 5 3 33 0
migrate 8 4 6 3 32 0
migrate 8 4 7 2 31 0
migrate 8 4 0 8 30 1
controller 57 56396871 1762402 8 4 32
controller 56 51167000 2131958 8 3 24
finish 126.051970005 139.254603863
migrate 8 4 1 7 29 1
controller 56 66039000 2063718 8 4 32
controller 56 70062000 2919250 8 3 24
controller 56 70583000 2205718 8 4 32
finish 118.610315084 157.568285942
controller 54 110589000 4607875 8 3 24
migrate 8 4 2 6 28 1
finish 101.388283014 167.190371037
finish 129.091167927 168.076581955
migrate 8 4 3 5 27 1
controller 54 111478000 3483687 8 4 32
controller 53 115171000 4798791 8 3 24
controller 53 115103000 3596968 8 4 32
finish 144.152243853 185.941435814
controller 52 112483000 4686791 8 3 24
controller 52 112036000 3501125 8 4 32
controller 52 116615000 4858958 8 3 24
controller 51 69318000 2166187 8 4 32
finish 148.166749954 213.868075848
finish 149.734838963 215.463838816
finish 177.385390043 216.398026943
migrate 8 3 4 5 26 1
controller 49 92433000 3851375 8 3 24
migrate 8 4 5 4 25 1
migrate 8 4 6 4 24 1
migrate 8 4 7 3 23 1
finish 152.284746885 217.958592892
controller 48 97738000 3054312 8 4 32
controller 47 99165000 4131875 8 3 24
finish 166.947938919 232.698916912
finish 167.286260128 232.931375027
migrate 8 4 1 8 22 2
migrate 8 4 2 7 21 2
migrate 8 4 3 6 20 2
migrate 8 4 4 6 19 2
migrate 8 4 5 5 18 2
controller 46 104310000 3259687 8 4 32
controller 44 88854000 3702250 8 3 24
finish 123.878083944 249.095633984
controller 43 102028000 3188375 8 4 32
finish 187.396305799 253.172459841
controller 43 89266000 3719416 8 3 24
migrate 8 4 6 5 17 2
migrate 8 4 7 4 16 2
controller 42 10994000 343562 8 4 32
finish 101.855123997 264.173177004
controller 42 51320000 2138333 8 3 24
migrate 8 4 2 8 15 3
finish 151.168717861 273.75799489
controller 42 48387000 1512093 8 4 32
controller 42 63386000 2641083 8 3 24
controller 42 71623000 2238218 8 4 32
controller 39 59481000 2478375 8 3 24
finish 179.221922874 301.726380825
finish 177.881980181 303.271311045
controller 39 63449000 1982781 8 4 32
finish 184.666558981 307.2248559
finish 184.558699131 309.978585958
finish 188.75219202 311.172049999
controller 36 84475000 3519791 8 3 24
finish 193.471413136 315.920058012
migrate 8 4 3 7 14 3
finish 148.380760193 316.57912302
controller 35 103527055 3235220 8 4 32
finish 195.452907801 320.697796822
finish 200.218024015 322.694013834
finish 197.839427948 323.140133858
migrate 8 3 4 7 13 3
controller 32 102367055 4265293 8 3 24
migrate 8 4 5 6 12 3
finish 202.485244036 327.842119932
migrate 8 4 6 6 11 3
migrate 8 4 7 5 10 3
migrate 8 4 3 8 9 4
migrate 8 4 4 8 8 5
finish 203.252148867 328.580525875
migrate 8 4 5 7 7 5
controller 30 103989055 3249657 8 4 32
finish 209.756272078 332.289510965
controller 27 108706055 4529418 8 3 24
migrate 8 4 6 7 6 5
migrate 8 4 7 6 5 5
finish 200.396544933 339.695009947
finish 217.136803865 342.409691811
finish 221.428286076 343.821964025
controller 26 111262055 3476939 8 4 32
controller 26 113467055 4727793 8 3 24
controller 26 105754055 3304814 8 4 32
controller 25 60538000 2522416 8 3 24
finish 150.419589996 367.818374872
finish 154.513947964 370.988555908
controller 23 105930055 5044288 7 3 21
finish 157.354679108 374.781729937
controller 23 99566194 3111443 8 4 32
finish 160.60218215 377.972460985
controller 21 95003110 3958462 8 3 24
migrate 8 4 5 8 4 6
migrate 8 4 6 8 3 7
migrate 8 4 7 7 2 7
finish 152.878875971 385.992978811
controller 20 93812055 2931626 8 4 32
finish 133.145750046 391.008452892
controller 20 91420055 3809168 8 3 24
finish 74.500287056 399.494210958
finish 167.55975318 400.617655039
controller 17 93772110 2930378 8 4 32
finish 170.189854145 403.275871038
finish 172.496182919 405.498282909
finish 174.521683931 407.55169487
controller 15 98779055 4115793 8 3 24
finish 140.714280128 411.182265997
controller 14 7532000 235375 8 4 32
controller 14 9748165 406173 8 3 24
Traceback (most recent call last):
  File "./multiple.py", line 133, in <module>
    total = getBandwidth()
  File "./multiple.py", line 117, in getBandwidth
    total += int(line)
ValueError: invalid literal for int() with base 10: 'down'
finish 103.001027107 430.947113991
migrate 8 4 7 8 1 8
finish 103.314543009 441.401232958
finish 114.346570015 442.954017878
finish 186.546710968 444.43885684
finish 119.231349945 447.219791889
finish 124.847243071 452.814395905
finish 143.672852993 459.666616917
finish 143.679399014 466.836339951
finish 129.187515974 467.296305895
finish 144.103572845 472.028453827
finish 97.1796197891 481.044248819
finish 98.8664429188 482.755544901
finish 52.0630838871 483.060608864
finish 102.675175905 486.514108896
real 486.54
user 33.37
sys 77.91
time died with exit status 1

Sun Nov  4 23:00:06 2012
----------------
