Log of time -p ./multiple.py 
Sun Nov  4 23:26:36 2012

1 [1, 2, 3, 4, 5, 6, 7, 8]
2 [1, 2, 3, 4, 5, 6, 7, 8]
3 [1, 2, 3, 4, 5, 6, 7, 8]
4 [1, 2, 3, 4, 5, 6, 7, 8]
5 [1, 2, 3, 4, 5, 6, 7, 8]
6 [1, 2, 3, 4, 5, 6, 7, 8]
7 [1, 2, 3, 4, 5, 6, 7, 8]
8 [1, 2, 3, 4, 5, 6, 7, 8]

rvms total avg pwnd vwnd totalvms
migrate 1 1 0 1 64 0
controller 64 13000110 13000110 1 1 1
migrate 2 2 0 2 63 0
migrate 2 2 1 1 62 0
controller 64 40000440 10000110 2 2 4
controller 64 56000495 28000247 2 1 2
controller 64 58000385 9666730 3 2 6
finish 29.1892700195 30.3658690453
finish 24.1731729507 31.6164970398
controller 64 48000275 16000091 3 1 3
migrate 4 2 0 3 61 0
migrate 4 2 1 2 60 0
migrate 4 2 2 1 59 0
migrate 4 2 3 1 58 0
controller 62 58537275 7317159 4 2 8
controller 62 65374275 16343568 4 1 4
controller 62 80000330 8000033 5 2 10
controller 62 30427275 6085455 5 1 5
controller 62 35774275 8943568 4 1 4
finish 34.3466229439 67.4178550243
finish 63.2884910107 70.708037138
migrate 5 2 0 4 57 0
migrate 5 2 1 3 56 0
migrate 5 2 2 2 55 0
migrate 5 2 3 2 54 0
migrate 5 2 4 1 53 0
controller 61 33039373 3303937 5 2 10
controller 60 43159165 8631833 5 1 5
controller 60 49204110 4100342 6 2 12
finish 56.3189918995 89.42928195
controller 60 53268220 8878036 6 1 6
controller 59 86000220 6142872 7 2 14
finish 66.2261221409 99.3159410954
controller 59 60186220 8598031 7 1 7
controller 57 15463220 966451 8 2 16
controller 57 13714220 1714277 8 1 8
finish 85.562969923 118.616148949
migrate 8 2 0 5 52 0
migrate 8 2 1 4 51 0
migrate 8 2 2 3 50 0
migrate 8 2 3 3 49 0
migrate 8 2 4 2 48 0
migrate 8 2 5 1 47 0
migrate 8 2 6 1 46 0
migrate 8 2 7 1 45 0
controller 57 18681424 1167589 8 2 16
controller 57 35843392 4480424 8 1 8
controller 57 47468000 2966750 8 2 16
controller 57 66000000 8250000 8 1 8
controller 57 65185000 4074062 8 2 16
controller 55 57822000 7227750 8 1 8
finish 82.8641130924 153.61256814
migrate 8 2 0 6 44 0
finish 85.2084290981 155.975793123
migrate 8 2 1 5 43 0
controller 55 87707000 5481687 8 2 16
controller 55 78276000 9784500 8 1 8
controller 55 103096000 6443500 8 2 16
controller 55 105095000 13136875 8 1 8
finish 110.034492016 180.820744991
migrate 8 2 2 4 42 0
controller 54 106490000 6655625 8 2 16
finish 115.523749113 186.349712133
controller 53 107716000 13464500 8 1 8
finish 72.2639899254 191.019109011
migrate 8 2 3 4 41 0
migrate 8 2 4 3 40 0
migrate 8 2 5 2 39 0
migrate 8 2 6 2 38 0
migrate 8 2 7 2 37 0
controller 51 103242000 6452625 8 2 16
finish 127.666834116 198.472269058
finish 82.0098381042 200.832771063
finish 83.0487918854 201.850558996
finish 83.9623789787 202.742340088
controller 49 97143000 12142875 8 1 8
controller 48 53337000 3333562 8 2 16
controller 48 19000000 2375000 8 1 8
finish 98.7830450535 217.479439974
finish 99.5134959221 218.362678051
finish 102.006101847 220.740906954
controller 46 81376000 11625142 7 1 7
migrate 8 2 0 7 36 0
controller 45 82147000 5134187 8 2 16
finish 111.371361017 230.086740971
finish 76.2817590237 232.298161983
migrate 8 1 1 6 35 0
controller 43 76471000 9558875 8 1 8
migrate 8 2 2 5 34 0
migrate 8 2 3 5 33 0
migrate 8 2 4 4 32 0
migrate 8 2 5 3 31 0
migrate 8 2 6 3 30 0
migrate 8 2 7 3 29 0
controller 43 83776000 5236000 8 2 16
controller 42 82561000 10320125 8 1 8
finish 66.7268230915 247.629168034
finish 99.8178079128 253.532083988
migrate 8 2 0 8 28 1
migrate 8 2 1 7 27 1
migrate 8 2 2 6 26 1
controller 41 92958000 5809875 8 2 16
controller 41 29215000 3651875 8 1 8
controller 41 18267000 2609571 7 1 7
controller 41 46442000 7740333 6 1 6
controller 41 54282000 3877285 7 2 14
controller 41 51065000 7295000 7 1 7
controller 41 65608000 4100500 8 2 16
finish 101.145465851 292.362802982
finish 104.575387001 295.747162104
finish 106.253663063 297.446902037
controller 39 63602000 7950250 8 1 8
controller 38 52229000 3264312 8 2 16
controller 37 62111000 7763875 8 1 8
finish 119.582053185 310.712222099
migrate 8 2 3 6 25 1
controller 36 101430000 6339375 8 2 16
finish 126.945702076 318.097108126
controller 36 112313000 14039125 8 1 8
migrate 8 2 4 5 24 1
migrate 8 2 5 4 23 1
migrate 8 2 6 4 22 1
migrate 8 2 7 4 21 1
controller 36 96524000 6032750 8 2 16
finish 97.3538820744 332.125781059
controller 35 96572000 12071500 8 1 8
finish 87.0765628815 340.678041935
controller 35 112597000 7037312 8 2 16
finish 107.967684984 342.761940956
finish 108.838050127 343.74023509
finish 112.874369144 347.747187138
finish 94.6021540165 348.153648138
controller 32 96319055 12039881 8 1 8
finish 116.248173952 348.602699041
migrate 8 2 1 8 20 2
migrate 8 2 2 7 19 2
migrate 8 2 3 7 18 2
finish 116.422832012 351.267898083
controller 28 83196000 5199750 8 2 16
controller 28 43282000 5410250 8 1 8
controller 27 73686000 4605375 8 2 16
controller 27 74059000 9257375 8 1 8
finish 151.431754112 373.68555212
finish 142.306037903 377.123399973
migrate 8 2 4 6 17 2
migrate 8 2 5 5 16 2
migrate 8 2 6 5 15 2
migrate 8 2 7 5 14 2
migrate 8 2 2 8 13 3
finish 125.916045904 379.493067026
controller 26 68277000 4267312 8 2 16
finish 72.204171896 383.032608032
controller 24 69252055 8656506 8 1 8
migrate 8 2 3 8 12 4
controller 24 61068055 3816753 8 2 16
controller 24 67423110 8427888 8 1 8
finish 81.7139351368 404.835488081
controller 23 76997055 4812315 8 2 16
finish 83.7792551517 406.878368139
finish 84.432587862 407.598115921
controller 21 47763110 5970388 8 1 8
migrate 8 2 4 7 11 4
migrate 8 2 5 6 10 4
controller 21 268110 16756 8 2 16
controller 21 2376055 297006 8 1 8
controller 21 33671055 2104440 8 2 16
migrate 8 3 6 6 9 4
migrate 8 3 7 6 8 4
migrate 8 3 4 8 7 5
migrate 8 3 5 7 6 5
controller 21 57428110 2392837 8 3 24
migrate 8 4 6 7 5 5
migrate 8 4 7 7 4 5
migrate 8 4 5 8 3 6
controller 21 60015000 1875468 8 4 32
finish 123.586704969 446.730818033
controller 20 62732055 2613835 8 3 24
migrate 8 4 6 8 2 7
migrate 8 4 7 8 1 8
controller 20 62002055 1937564 8 4 32
controller 20 67456166 2810673 8 3 24
controller 20 110002055 3437564 8 4 32
controller 20 113650000 2841250 8 5 40
finish 126.903055906 475.642544985
controller 19 112689055 3521532 8 4 32
finish 134.839065075 483.535223007
finish 109.810492039 487.013651133
controller 17 102587055 2564676 8 5 40
controller 17 108281165 3383786 8 4 32
finish 119.371530056 496.5943501
finish 148.009067059 496.726906061
controller 15 109433110 2735827 8 5 40
finish 126.582711935 503.845659971
controller 14 106079055 3314970 8 4 32
finish 121.063617945 507.272669077
finish 132.545696974 509.788501978
finish 80.6031651497 510.988243103
controller 11 51264275 1281606 8 5 40
controller 10 67593165 2112286 8 4 32
controller 10 99150165 2478754 8 5 40
finish 89.4718849659 526.105742931
finish 116.280529022 527.688776016
finish 98.0801889896 528.3963871
controller 8 63127220 1315150 8 6 48
finish 103.289634943 533.649683952
finish 97.3628079891 533.973428011
controller 6 46729165 1168229 8 5 40
finish 89.5555148125 538.724128962
finish 106.487509966 543.077739954
controller 4 45503330 1300095 7 5 35
finish 99.7896699905 548.979241133
finish 118.731813908 549.070682049
finish 139.424795866 550.856204987
controller 3 31361385 653362 8 6 48
finish 173.725445032 551.008481979
real 551.68
user 39.34
sys 77.05

Sun Nov  4 23:35:48 2012
----------------
