Log of time -p ./multiple.py 
Mon Nov  5 00:48:55 2012

1 [1, 2, 3, 4, 5, 6, 7, 8]
2 [1, 2, 3, 4, 5, 6, 7, 8]
3 [1, 2, 3, 4, 5, 6, 7, 8]
4 [1, 2, 3, 4, 5, 6, 7, 8]
5 [1, 2, 3, 4, 5, 6, 7, 8]
6 [1, 2, 3, 4, 5, 6, 7, 8]
7 [1, 2, 3, 4, 5, 6, 7, 8]
8 [1, 2, 3, 4, 5, 6, 7, 8]

rvms total avg pwnd vwnd totalvms
migrate 1 1 0 1 64 0
controller 64 18000179 18000179 1 1 1
migrate 2 2 0 2 63 0
migrate 2 2 1 1 62 0
controller 64 53011495 13252873 2 2 4
controller 64 89021285 44510642 2 1 2
finish 19.9026770592 21.0978720188
migrate 3 2 0 3 61 0
migrate 3 2 1 2 60 0
migrate 3 2 2 1 59 0
controller 63 74828275 12471379 3 2 6
finish 20.7204890251 28.0565989017
controller 63 56000385 18666795 3 1 3
migrate 4 2 0 4 58 0
finish 28.8648400307 36.2210450172
migrate 4 2 1 3 57 0
migrate 4 2 2 2 56 0
migrate 4 2 3 1 55 0
controller 62 79338332 9917291 4 2 8
controller 61 91000220 22750055 4 1 4
controller 61 107000275 10700027 5 2 10
controller 61 8016165 1603233 5 1 5
controller 61 60785272 15196318 4 1 4
finish 31.3420269489 67.6477668285
finish 47.8302769661 68.9556999207
migrate 5 2 0 5 54 0
controller 61 76000275 7600027 5 2 10
controller 59 59538385 11907677 5 1 5
controller 59 52391179 4365931 6 2 12
finish 53.0219438076 85.5745158195
finish 49.5909459591 85.9164018631
controller 57 45313234 7552205 6 1 6
finish 56.4536221027 92.7395629883
migrate 7 2 1 4 53 0
migrate 7 2 2 3 52 0
migrate 7 2 3 2 51 0
migrate 7 2 4 1 50 0
migrate 7 2 5 1 49 0
migrate 7 2 6 1 48 0
migrate 7 2 0 6 47 0
finish 72.2593619823 93.4062809944
migrate 7 2 1 5 46 0
controller 57 56004173 4000298 7 2 14
finish 76.4558200836 97.6245999336
controller 54 76408014 10915430 7 1 7
migrate 8 2 2 4 45 0
migrate 8 2 3 3 44 0
migrate 8 2 4 2 43 0
migrate 8 2 5 2 42 0
migrate 8 2 6 2 41 0
migrate 8 2 7 1 40 0
controller 54 16367000 1022937 8 2 16
controller 54 36587000 4573375 8 1 8
controller 54 55127000 3445437 8 2 16
controller 54 61978000 7747250 8 1 8
controller 54 67766000 4235375 8 2 16
controller 54 64177000 8022125 8 1 8
controller 54 71225000 4451562 8 2 16
controller 53 69090000 8636250 8 1 8
finish 83.6971411705 152.733644962
migrate 8 2 0 7 39 0
controller 53 76014000 4750875 8 2 16
controller 53 117230000 14653750 8 1 8
controller 53 117299000 7331187 8 2 16
finish 84.3040120602 177.221529007
controller 53 117000000 14625000 8 1 8
finish 81.6709299088 183.646520853
controller 52 116281000 7267562 8 2 16
finish 87.1252119541 189.125366926
finish 96.4329319 189.272086859
controller 50 118000110 14750013 8 1 8
migrate 8 2 1 6 38 0
finish 98.366494894 191.225017786
migrate 8 2 2 5 37 0
finish 92.3261060715 194.225765944
controller 48 109873068 6867066 8 2 16
finish 95.8809661865 197.830420971
finish 106.127451897 199.5949018
finish 107.857661963 200.735603809
finish 47.9962048531 200.85243082
finish 99.7892510891 201.712512016
migrate 8 1 3 4 36 0
controller 45 101306055 12663256 8 1 8
migrate 8 2 4 3 35 0
migrate 8 2 5 3 34 0
migrate 8 2 6 3 33 0
migrate 8 2 7 2 32 0
migrate 8 2 0 8 31 1
migrate 8 2 1 7 30 1
migrate 8 2 2 6 29 1
migrate 8 2 3 5 28 1
controller 42 36414000 2275875 8 2 16
controller 42 97456000 12182000 8 1 8
finish 123.868725061 216.833747864
controller 41 104562000 6535125 8 2 16
finish 131.352046013 224.291977882
finish 125.940185785 227.967899799
controller 39 90820000 11352500 8 1 8
controller 39 102078000 6379875 8 2 16
finish 146.147276163 239.045331001
controller 39 115656000 14457000 8 1 8
migrate 8 2 4 4 27 1
migrate 8 2 5 4 26 1
migrate 8 2 6 4 25 1
migrate 8 2 7 3 24 1
controller 38 101020000 6313750 8 2 16
finish 58.2884788513 249.018793821
controller 37 97908000 12238500 8 1 8
migrate 8 2 1 8 23 2
controller 36 16042000 1002625 8 2 16
controller 36 12343000 1542875 8 1 8
controller 36 36588000 2286750 8 2 16
migrate 8 3 2 7 22 2
migrate 8 3 3 6 21 2
migrate 8 3 4 5 20 2
migrate 8 3 5 5 19 2
migrate 8 3 6 5 18 2
migrate 8 3 7 4 17 2
finish 72.3617720604 274.098748922
controller 36 64047000 2668625 8 3 24
migrate 8 4 2 8 16 3
migrate 8 4 3 7 15 3
migrate 8 4 4 6 14 3
migrate 8 4 5 6 13 3
migrate 8 4 6 6 12 3
migrate 8 4 7 5 11 3
migrate 8 4 3 8 10 4
finish 78.0726180077 281.573191881
finish 82.721487999 286.193028927
controller 34 58563000 1830093 8 4 32
controller 34 60827000 2534458 8 3 24
controller 34 71612000 2237875 8 4 32
controller 34 65287000 2720291 8 3 24
controller 34 117078000 3658687 8 4 32
migrate 8 5 4 7 9 4
migrate 8 5 5 7 8 4
migrate 8 5 6 7 7 4
migrate 8 5 7 6 6 4
finish 126.246581078 317.489266872
controller 33 117772000 2944300 8 5 40
finish 120.781260014 324.221431971
finish 72.8622419834 327.684691906
controller 32 117000013 3656250 8 4 32
finish 131.090338945 334.47781682
controller 29 119000110 2975002 8 5 40
finish 134.58417201 337.947544813
controller 29 117000110 3656253 8 4 32
controller 29 116579110 2914477 8 5 40
finish 153.441393852 356.966499805
controller 28 118432178 3701005 8 4 32
controller 26 21240069 531001 8 5 40
controller 28 109964110 3436378 8 4 32
finish 173.352803946 376.766385794
finish 135.445470095 377.656368017
migrate 8 5 4 8 5 5
migrate 8 5 5 8 4 6
migrate 8 5 6 8 3 7
migrate 8 5 7 7 2 7
controller 27 114245123 2856128 8 5 40
finish 177.754630089 381.093189001
finish 101.537211895 382.19162488
controller 24 93028055 2907126 8 4 32
controller 24 90849123 2271228 8 5 40
controller 24 113437110 3544909 8 4 32
finish 158.430892944 400.709258795
migrate 8 5 7 8 1 8
finish 163.97794199 406.209681988
finish 126.205864906 406.881825924
controller 21 105014055 2625351 8 5 40
finish 166.147228956 408.399741888
finish 136.677375078 410.369765997
controller 16 35976220 1124256 8 4 32
controller 15 4872069 174002 7 4 28
finish 149.999305964 423.813947916
finish 145.094954967 425.719740868
controller 15 40002110 1666754 6 4 24
finish 153.713196039 434.436439991
controller 15 61751165 1764319 7 5 35
finish 155.646931887 436.418532848
finish 166.665995836 440.42726779
controller 12 55162124 1149210 8 6 48
finish 162.276114941 443.023131847
finish 171.248684883 444.983230829
finish 129.372590065 446.102285862
controller 10 57795123 1444878 8 5 40
finish 137.455308199 454.151129007
controller 9 63849193 1330191 8 6 48
finish 178.91516304 459.614641905
finish 187.584635019 461.369838953
controller 9 56005234 1400130 8 5 40
finish 147.344961882 463.981913805
finish 191.484951973 465.19822979
controller 7 88372233 1841088 8 6 48
finish 94.758466959 472.467811823
controller 6 66805179 1192949 8 7 56
finish 96.6574909687 474.392464876
finish 158.4454391 475.10787797
finish 75.2578890324 476.072506905
finish 99.6318719387 477.392958879
controller 2 38238440 796634 8 6 48
finish 103.999235153 481.786520004
real 481.84
user 34.27
sys 72.49

Mon Nov  5 00:56:56 2012
----------------
