Log of time -p ./multiple.py 
Sun Nov  4 09:43:16 2012

1 [1, 2, 3, 4, 5, 6, 7, 8]
2 [1, 2, 3, 4, 5, 6, 7, 8]
3 [1, 2, 3, 4, 5, 6, 7, 8]
4 [1, 2, 3, 4, 5, 6, 7, 8]
5 [1, 2, 3, 4, 5, 6, 7, 8]
6 [1, 2, 3, 4, 5, 6, 7, 8]
7 [1, 2, 3, 4, 5, 6, 7, 8]
8 [1, 2, 3, 4, 5, 6, 7, 8]

rvms total avg pwnd vwnd totalvms
migrate 1 1 0 1 64 0
controller 64 549435 549435 1 1 1
migrate 2 2 0 2 63 0
migrate 2 2 1 1 62 0
controller 64 36383193 9095798 2 2 4
migrate 3 3 0 3 61 0
migrate 3 3 1 2 60 0
migrate 3 3 2 1 59 0
controller 64 69246220 7694024 3 3 9
controller 64 75369179 12561529 3 2 6
controller 64 64199275 5349939 4 3 12
finish 28.6064479351 36.0155100822
controller 64 52000399 6500049 4 2 8
migrate 5 3 0 4 58 0
migrate 5 3 1 3 57 0
migrate 5 3 2 2 56 0
migrate 5 3 3 1 55 0
migrate 5 3 4 1 54 0
finish 41.0884149075 42.2610900402
migrate 5 3 0 5 53 0
controller 62 55799069 3719937 5 3 15
controller 62 70000165 7000016 5 2 10
controller 62 77299246 4294402 6 3 18
controller 62 110000165 9166680 6 2 12
controller 62 92471179 4403389 7 3 21
finish 60.4933640957 74.1707260609
controller 62 74588069 5327719 7 2 14
finish 64.4597530365 78.1568861008
migrate 8 3 1 4 52 0
migrate 8 3 2 3 51 0
migrate 8 3 3 2 50 0
migrate 8 3 4 2 49 0
migrate 8 3 5 1 48 0
migrate 8 3 6 1 47 0
migrate 8 3 7 1 46 0
migrate 8 3 0 6 45 0
finish 40.7899720669 83.1667411327
controller 60 90246000 3760250 8 3 24
controller 59 97876000 6117250 8 2 16
controller 59 107279000 4469958 8 3 24
finish 92.5828092098 100.011180162
controller 58 112067000 7004187 8 2 16
migrate 8 3 1 5 44 0
finish 95.3771381378 109.095621109
migrate 8 3 2 4 43 0
migrate 8 3 3 3 42 0
migrate 8 3 4 3 41 0
migrate 8 3 5 2 40 0
migrate 8 3 6 2 39 0
migrate 8 3 7 2 38 0
migrate 8 3 0 7 37 0
controller 57 107167000 4465291 8 3 24
controller 56 104306000 6519125 8 2 16
finish 80.3700008392 119.848922968
finish 82.2141399384 121.616729975
migrate 8 3 1 6 36 0
controller 55 116162000 4840083 8 3 24
finish 46.1751871109 124.380659103
finish 87.1609799862 126.588065147
migrate 8 2 2 5 35 0
controller 53 111389000 6961812 8 2 16
controller 53 112490000 4687083 8 3 24
finish 61.6852140427 139.934910059
finish 103.145442963 142.597157955
controller 51 117717000 7357312 8 2 16
migrate 8 3 3 4 34 0
migrate 8 3 4 4 33 0
migrate 8 3 5 3 32 0
migrate 8 3 6 3 31 0
migrate 8 3 7 3 30 0
controller 50 113620000 4734166 8 3 24
finish 110.633558989 150.01534605
finish 72.6095108986 150.793523073
finish 77.7764999866 156.003451109
controller 48 117602000 7350125 8 2 16
migrate 8 3 0 8 29 1
migrate 8 3 1 7 28 1
migrate 8 3 2 6 27 1
migrate 8 3 3 5 26 1
migrate 8 3 4 5 25 1
finish 81.1452488899 159.471641064
controller 47 113000000 4708333 8 3 24
controller 47 114000000 7125000 8 2 16
controller 45 115535000 4813958 8 3 24
finish 99.0486938953 177.400774956
finish 100.445163012 178.745341063
controller 45 112822000 7051375 8 2 16
finish 77.4002599716 186.692079067
controller 44 115977000 4832375 8 3 24
controller 44 112583000 7036437 8 2 16
controller 44 113428000 4726166 8 3 24
finish 123.971067905 202.246938944
finish 83.8641140461 205.547022104
finish 98.9468290806 208.118558168
controller 42 111773000 6985812 8 2 16
migrate 8 3 5 4 24 1
migrate 8 3 6 4 23 1
migrate 8 3 7 4 22 1
migrate 8 3 1 8 21 2
migrate 8 3 2 7 20 2
finish 107.577368021 211.007450104
controller 40 105597000 4399875 8 3 24
controller 39 11000000 687500 8 2 16
controller 38 111052000 7932285 7 2 14
finish 101.349368095 227.943946123
finish 86.5575368404 229.590842962
finish 120.381287098 229.647920132
finish 120.36021781 229.677304983
finish 75.2308461666 231.783342123
controller 34 105422000 4392583 8 3 24
finish 79.2207040787 235.72241807
finish 94.7313718796 237.663553953
controller 33 88217000 5513562 8 2 16
migrate 8 3 3 6 19 2
migrate 8 3 4 6 18 2
finish 131.639565945 240.879781961
migrate 8 3 5 5 17 2
migrate 8 3 6 5 16 2
migrate 8 3 7 5 15 2
migrate 8 3 2 8 14 3
finish 99.1950879097 242.205425978
finish 89.7587049007 246.284141064
migrate 8 3 3 7 13 3
controller 30 102478000 4269916 8 3 24
controller 29 98595000 6162187 8 2 16
finish 97.3764128685 253.854732037
controller 28 103344000 4306000 8 3 24
finish 151.325640917 260.541923046
controller 28 112514000 7032125 8 2 16
migrate 8 3 4 7 12 3
finish 125.707848072 268.667875051
finish 162.619163036 271.813194036
controller 25 103649000 4318708 8 3 24
finish 130.023633003 273.010470152
finish 68.4093711376 277.058283091
controller 25 98481000 6155062 8 2 16
migrate 8 3 5 6 11 3
migrate 8 3 6 6 10 3
migrate 8 3 7 6 9 3
migrate 8 3 3 8 8 4
migrate 8 3 4 8 7 5
controller 24 109542055 4564252 8 3 24
finish 132.445844173 288.900766134
controller 23 109135110 6820944 8 2 16
finish 45.2505121231 291.562873125
finish 52.619052887 292.718353987
finish 88.7068271637 297.302405119
controller 21 105000124 4375005 8 3 24
finish 91.755854845 300.323210955
controller 19 107898069 6743629 8 2 16
migrate 8 3 5 7 6 5
migrate 8 3 6 7 5 5
controller 19 101139124 4214130 8 3 24
finish 108.005192041 316.679738045
controller 19 108448069 6778004 8 2 16
finish 110.880641937 319.504204035
migrate 8 3 7 7 4 5
controller 17 107326110 4471921 8 3 24
finish 84.4147200584 325.444853067
finish 87.2295730114 328.239544153
controller 16 94398178 5899886 8 2 16
finish 55.1665129662 334.240633011
finish 95.4835970402 335.607557058
controller 14 75221069 3134211 8 3 24
finish 97.7362110615 338.725687027
controller 12 68477165 4279822 8 2 16
migrate 8 3 5 8 3 6
migrate 8 3 6 8 2 7
migrate 8 3 7 8 1 8
finish 104.866872787 345.917459965
finish 81.0397889614 347.385703087
controller 11 79204069 3300169 8 3 24
finish 73.36175704 352.415440083
controller 9 89200165 5575010 8 2 16
controller 9 87000289 3625012 8 3 24
finish 88.3094229698 367.31320715
controller 9 94000273 5875017 8 2 16
finish 49.7728111744 369.355610132
controller 7 64000453 2666685 8 3 24
finish 98.5892260075 377.617686987
finish 76.4010679722 380.602627993
controller 6 71000193 4437512 8 2 16
finish 102.42249608 381.401605129
finish 44.0418429375 386.576831102
controller 4 47000290 1958345 8 3 24
finish 83.9509050846 388.177095175
finish 47.4433889389 389.957602024
controller 2 23000454 1437528 8 2 16
finish 52.0656349659 394.560899019
real 394.58
user 28.83
sys 59.92

Sun Nov  4 09:49:50 2012
----------------
