Log of time -p ./multiple.py 
Sun Nov  4 10:06:38 2012

1 [1, 2, 3, 4, 5, 6, 7, 8]
2 [1, 2, 3, 4, 5, 6, 7, 8]
3 [1, 2, 3, 4, 5, 6, 7, 8]
4 [1, 2, 3, 4, 5, 6, 7, 8]
5 [1, 2, 3, 4, 5, 6, 7, 8]
6 [1, 2, 3, 4, 5, 6, 7, 8]
7 [1, 2, 3, 4, 5, 6, 7, 8]
8 [1, 2, 3, 4, 5, 6, 7, 8]

rvms total avg pwnd vwnd totalvms
migrate 1 1 0 1 64 0
controller 64 84220 84220 1 1 1
migrate 2 2 0 2 63 0
migrate 2 2 1 1 62 0
controller 64 12473428 3118357 2 2 4
migrate 3 3 0 3 61 0
migrate 3 3 1 2 60 0
migrate 3 3 2 1 59 0
controller 64 31701330 3522370 3 3 9
migrate 4 4 0 4 58 0
migrate 4 4 1 3 57 0
migrate 4 4 2 2 56 0
migrate 4 4 3 1 55 0
controller 64 49078275 3067392 4 4 16
controller 64 72000165 6000013 4 3 12
controller 64 80000220 4000011 5 4 20
controller 64 97479220 6498614 5 3 15
controller 64 90000220 3750009 6 4 24
controller 64 102000165 5666675 6 3 18
finish 47.3234710693 67.2651369572
migrate 7 4 0 5 54 0
migrate 7 4 1 4 53 0
migrate 7 4 2 3 52 0
migrate 7 4 3 2 51 0
migrate 7 4 4 1 50 0
migrate 7 4 5 1 49 0
migrate 7 4 6 1 48 0
finish 60.5481359959 67.895622015
controller 64 90002050 3214358 7 4 28
controller 62 83910055 3995716 7 3 21
controller 62 91169055 2849032 8 4 32
finish 64.5749018192 84.5872118473
finish 83.1138579845 84.7970378399
controller 60 93713110 3904712 8 3 24
migrate 8 4 0 6 47 0
migrate 8 4 1 5 46 0
migrate 8 4 2 4 45 0
migrate 8 4 3 3 44 0
migrate 8 4 4 2 43 0
migrate 8 4 5 2 42 0
migrate 8 4 6 2 41 0
migrate 8 4 7 1 40 0
finish 82.979421854 90.307382822
migrate 8 4 0 7 39 0
controller 59 102332000 3197875 8 4 32
finish 80.095072031 100.080365896
controller 57 78414000 3267250 8 3 24
finish 91.61840415 105.294384956
controller 56 97951000 3060968 8 4 32
finish 97.5333790779 111.255280018
controller 56 88586000 3691083 8 3 24
finish 99.7861289978 119.748648882
migrate 8 4 1 6 38 0
migrate 8 4 2 5 37 0
migrate 8 4 3 4 36 0
migrate 8 4 4 3 35 0
migrate 8 4 5 3 34 0
migrate 8 4 6 3 33 0
migrate 8 4 7 2 32 0
migrate 8 4 0 8 31 1
controller 55 92480000 2890000 8 4 32
finish 110.316074848 124.012940884
controller 54 102282000 4261750 8 3 24
migrate 8 4 1 7 30 1
migrate 8 4 2 6 29 1
migrate 8 4 3 5 28 1
migrate 8 4 4 4 27 1
migrate 8 4 5 4 26 1
migrate 8 4 6 4 25 1
migrate 8 4 7 3 24 1
controller 54 88848000 2776500 8 4 32
controller 54 88881000 3703375 8 3 24
controller 54 106000000 3312500 8 4 32
controller 54 93190000 3882916 8 3 24
controller 54 97857000 3058031 8 4 32
controller 53 98000000 4083333 8 3 24
finish 107.499896049 174.931154966
controller 53 101782000 3180687 8 4 32
controller 53 99665000 4152708 8 3 24
finish 123.27133584 190.751937866
controller 51 106164000 3317625 8 4 32
finish 124.930608034 192.386569023
controller 51 96449000 4018708 8 3 24
controller 50 101254000 3164187 8 4 32
finish 137.146967173 204.655997038
finish 123.063223124 211.189718962
controller 50 106940000 4455833 8 3 24
controller 49 97900000 3059375 8 4 32
finish 131.397974014 221.794495821
finish 135.665387869 223.740749836
controller 47 95396000 3974833 8 3 24
finish 160.088500977 227.447599888
finish 161.630295992 229.036720991
controller 45 97363000 3042593 8 4 32
finish 145.293030024 233.55763483
controller 44 96170000 4007083 8 3 24
finish 150.430613041 238.669579029
finish 172.495837927 239.878454924
migrate 8 4 1 8 23 2
migrate 8 4 2 7 22 2
migrate 8 4 3 6 21 2
migrate 8 4 4 5 20 2
migrate 8 4 5 5 19 2
migrate 8 4 6 5 18 2
migrate 8 4 7 4 17 2
migrate 8 4 2 8 16 3
finish 116.560925961 244.202778816
controller 42 100743000 3148218 8 4 32
controller 40 84379000 3515791 8 3 24
finish 132.30520606 252.29184103
controller 39 93566000 2923937 8 4 32
finish 132.470266819 260.013286829
controller 39 100647000 4193625 8 3 24
migrate 8 4 3 7 15 3
finish 147.531970024 267.40824604
finish 143.078774214 270.55588603
finish 143.561109066 271.233404875
controller 34 83462000 2608187 8 4 32
finish 152.837954998 272.739758968
finish 186.149682045 274.361965895
finish 189.629274845 277.782421827
controller 32 68804000 2866833 8 3 24
migrate 8 4 4 6 14 3
migrate 8 4 5 6 13 3
migrate 8 4 6 6 12 3
migrate 8 4 7 5 11 3
migrate 8 4 3 8 10 4
finish 159.677675009 279.503779888
finish 161.341187954 281.273360968
finish 194.909815073 283.096184015
migrate 8 4 4 7 9 4
migrate 8 4 5 7 8 4
migrate 8 4 6 7 7 4
migrate 8 4 7 6 6 4
controller 29 89748000 2804625 8 4 32
finish 167.396660805 287.355971813
controller 26 93882000 3911750 8 3 24
finish 204.659259081 292.758416891
finish 165.257261038 292.86777997
finish 174.079299927 294.093621969
finish 167.755218983 295.261763811
controller 25 100189000 3130906 8 4 32
finish 171.178027153 298.756134033
controller 24 106217000 4425708 8 3 24
migrate 8 4 4 8 5 5
migrate 8 4 5 8 4 6
migrate 8 4 6 8 3 7
migrate 8 4 7 7 2 7
controller 24 101000055 3156251 8 4 32
controller 24 85693055 3570543 8 3 24
controller 24 99336249 3104257 8 4 32
finish 206.76470685 326.614998817
controller 23 97761055 4073377 8 3 24
finish 90.6832900047 330.857743025
controller 22 101513055 3172282 8 4 32
controller 22 98938110 4122421 8 3 24
controller 21 93734055 2929189 8 4 32
finish 111.615899801 351.630443811
controller 21 103124055 4296835 8 3 24
controller 21 99892165 3121630 8 4 32
finish 125.000913143 364.990581036
finish 82.4088389874 365.532537937
finish 100.592558861 365.913895845
finish 128.657455921 368.77430892
controller 17 88561110 3690046 8 3 24
finish 129.787766933 369.852710962
controller 16 89607220 2800225 8 4 32
finish 138.695546865 378.73512888
finish 77.4268660545 381.245085001
controller 15 78935110 3288962 8 3 24
migrate 8 4 7 8 1 8
finish 105.577647209 383.668416023
finish 80.2209498882 384.01352787
finish 147.776365995 387.866958857
controller 11 64430165 2013442 8 4 32
finish 116.000607014 394.040660858
controller 11 86388275 3599511 8 3 24
finish 113.759034872 396.929814816
finish 117.144148111 400.244616985
controller 9 70966220 2217694 8 4 32
finish 162.130136013 402.276938915
finish 125.374740124 403.390650034
finish 126.928753138 405.046797991
controller 6 60721165 2530048 8 3 24
finish 130.742870808 408.809343815
finish 129.371404886 412.518433809
controller 4 38455398 1201731 8 4 32
finish 113.5556252 417.300122023
controller 2 29118288 1213262 8 3 24
controller 2 34000330 1062510 8 4 32
finish 123.896850109 427.665576935
finish 46.6818819046 428.723090887
real 428.74
user 30.94
sys 71.70

Sun Nov  4 10:13:47 2012
----------------
